« 4, 4867
8624, 4867
8624, 4866
8624, 4866
8623, 4866
8621, 4865
8620, 4865
8619, 4863
8619, 4863
8619, 4863
8618, 4863
8618, 4863
8618, 4862
8618, 4862
8620, 4863
8620, 4863
8621, 4864
8621, 4865
8622, 4864
8622, 4863
8620, 4863
8620, 4863
8618, 4862
8617, 4861
8617, 4859
8617, 4860
8618, 4861
8618, 4861
8620, 4861
8620, 4860
8620, 4861
8620, 4861
8619, 4861
8617, 4860
8617, 4861
8616, 4861
8616, 4860
8617, 4859
8617, 4858
8618, 4860
8617, 4860
8619, 4863
8621, 4863
8621, 4864
8620, 4864
8621, 4864
8620, 4862
8619, 4861
8618, 4860
8617, 4860
8617, 4861
8618, 4861
8618, 4861
8619, 4863
8622, 4863
8622, 4863
8621, 4865
8620, 4865
8620, 4864
8619, 4863
8617, 4861
8617, 4859
8617, 4859
8617, 4861
8618, 4862
8619, 4863
8621, 4862
8621, 4862
8622, 4862
8622, 4862
8623, 4863
8622, 4862
8621, 4862
8620, 4861
8619, 4860
8618, 4859
8618, 4859
8618, 4860
8617, 4860
8619, 4862
8621, 4863
8623, 4863
8624, 4864
8622, 4864
8621, 4863
8618, 4861
8617, 4860
8616, 4858
8615, 4857
8615, 4858
8615, 4856
8616, 4856
8617, 4858
8618, 4857
8619, 4860
8620, 4860
8621, 4863
8622, 4865
8621, 4864
8621, 4864
8621, 4863
8619, 4862
8618, 4862
8616, 4859
8616, 4859
8615, 4859
8617, 4859
8618, 4861
8618, 4862
8620, 4864
8623, 4864
8625, 4866
8623, 4867
8623, 4867
8623, 4864
8621, 4863
8619, 4862
8618, 4861
8619, 4860
8618, 4861
8618, 4862
8619, 4862
8620, 4863
8622, 4864
8623, 4866
8624, 4867
8626, 4867
8625, 4866
8625, 4866
8623, 4864
8621, 4863
8621, 4862
8619, 4863
8620, 4862
8621, 4863
8622, 4863
8622, 4863
8622, 4863
8622, 4864
8623, 4865
8623, 4864
8623, 4864
8623, 4863
8624, 4864
8624, 4864
8623, 4865
8622, 4866
8623, 4867
8626, 4868
8628, 4868
8629, 4868
8629, 4869
8628, 4869
8628, 4869
8626, 4868
8626, 4867
8624, 4867
8624, 4867
8623, 4868
8625, 4867
8625, 4866
8625, 4867
8627, 4867
8627, 4869
8627, 4869
8626, 4869
8627, 4869
8626, 4869
8626, 4868
8625, 4867
8625, 4868
8624, 4868
8625, 4869
8626, 4869
8628, 4870
8629, 4872
8629, 4871
8629, 4870
8630, 4870
8631, 4869
8629, 4869
8629, 4870
8628, 4870
8628, 4870
8629, 4869
8628, 4870
8629, 4873
8630, 4874
8631, 4874
8631, 4875
8631, 4876
8632, 4875
8633, 4875
8634, 4876
8634, 4876
8633, 4876
8633, 4876
8635, 4876
8635, 4877
8637, 4879
8637, 4880
8638, 4882
8640, 4881
8641, 4883
8642, 4884
8645, 4885
8646, 4887
8645, 4887
8646, 4888
8647, 4889
8647, 4890
8648, 4891
8650, 4890
8651, 4892
8654, 4893
8655, 4895
8656, 4896
8657, 4898
8658, 4898
8658, 4899
8659, 4898
8661, 4900
8661, 4901
8662, 4902
8663, 4904
8665, 4903
8665, 4904
8665, 4905
8666, 4907
8667, 4909
8667, 4911
8668, 4911
8669, 4912
8671, 4912
8673, 4914
8675, 4915
8677, 4915
8679, 4918
8679, 4920
8681, 4922
8682, 4926
8683, 4926
8684, 4924
8685, 4927
8686, 4928
8688, 4928
8688, 4929
8690, 4930
8691, 4931
8692, 4932
8694, 4935
8697, 4936
8698, 4938
8701, 4940
8702, 4942
8703, 4943
8703, 4945
8704, 4946
8707, 4948
8710, 4950
8711, 4951
8714, 4954
8717, 4956
8719, 4958
8720, 4960
8723, 4961
8726, 4963
8728, 4966
8731, 4968
8733, 4972
8736, 4975
8739, 4978
8742, 4980
8745, 4983
8748, 4987
8749, 4990
8752, 4991
8754, 4994
8758, 4997
8762, 5000
8765, 5001
8767, 5005
8769, 5007
8773, 5011
8776, 5015
8780, 5017
8784, 5021
8787, 5024
8788, 5027
8793, 5029
8796, 5033
8800, 5037
8804, 5040
8807, 5043
8811, 5046
8814, 5049
8817, 5052
8820, 5057
8824, 5059
8827, 5063
8830, 5065
8834, 5069
8838, 5073
8843, 5078
8846, 5080
8850, 5084
8854, 5087
8858, 5090
8860, 5094
8864, 5098
8869, 5101
8873, 5105
8877, 5109
8880, 5112
8883, 5116
8887, 5121
8891, 5125
8896, 5128
8901, 5132
8906, 5138
8911, 5142
8917, 5146
8924, 5151
8928, 5156
8934, 5161
8940, 5168
8947, 5175
8954, 5183
8962, 5189
8971, 5197
8979, 5207
8989, 5215
9000, 5227
9012, 5237
9025, 5249
9037, 5260
9051, 5275
9067, 5288
9082, 5305
9100, 5323
9118, 5341
9139, 5360
9161, 5381
9185, 5405
9212, 5430
9241, 5457
9272, 5488
9306, 5520
9348, 5558
9393, 5602
9448, 5653
9513, 5713
9590, 5785
9685, 5871
9804, 5977
9948, 6111
10112, 6265
10312, 6456
10533, 6662
10761, 6880
10978, 7091
11193, 7295
11394, 7498
11591, 7690
11797, 7895
12008, 8098
12228, 8323
12467, 8549
12693, 8781
12907, 8992
13103, 9179
13278, 9348
13430, 9497
13570, 9631
13690, 9752
13814, 9872
13936, 9986
14065, 10109
14214, 10252
14373, 10400
14535, 10562
14708, 10726
14869, 10887
15021, 11033
15156, 11161
15274, 11281
15379, 11384
15472, 11478
15556, 11560
15635, 11637
15708, 11713
15788, 11789
15873, 11872
15971, 11969
16085, 12084
16222, 12219
16381, 12374
175, 12546
335, 12707
490, 12861
641, 13010
782, 13142
901, 13263
1012, 13366
1114, 13466
1203, 13552
1278, 13624
1341, 13687
1399, 13744
1452, 13794
1501, 13841
1550, 13889
1602, 13938
1656, 13990
1719, 14048
1793, 14120
1882, 14203
1990, 14303
2112, 14422
2256, 14556
2407, 14703
2564, 14852
2715, 15002
2865, 15147
3005, 15281
3134, 15410
3255, 15527
3372, 15645
3490, 15760
3613, 15885
3746, 16019
3896, 16170
4065, 16340
4251, 147
4426, 319
4604, 495
4774, 668
4938, 830
5094, 980
5239, 1122
5384, 1265
5523, 1401
5666, 1538
5813, 1680
5973, 1832
6147, 1999
6340, 2190
6558, 2392
6765, 2600
6984, 2807
7189, 3003
7385, 3195
7569, 3373
7751, 3555
7933, 3731
8121, 3914
8316, 4103
8520, 4302
8729, 4501
8933, 4698
9130, 4885
9318, 5059
9493, 5221
9660, 5381
9830, 5537
10006, 5700
10207, 5887
10422, 6090
10657, 6306
10878, 6520
11091, 6720
11283, 6905
11460, 7072
11608, 7218
11743, 7350
11865, 7469
11979, 7582
12090, 7694
12202, 7810
12324, 7927
12461, 8057
12604, 8200
12754, 8348
12909, 8501
13064, 8651
13212, 8795
13351, 8933
13483, 9063
13611, 9183
13734, 9305
13861, 9427
13999, 9557
14150, 9703
14321, 9869
14520, 10059
14756, 10286
15003, 10525
15248, 10760
15484, 10983
15689, 11196
15885, 11388
16076, 11569
16261, 11758
71, 11960
237, 12113
424, 12293
613, 12477
809, 12664
994, 12840
1172, 13021
1361, 13195
1543, 13367
1726, 13539
1924, 13723
2125, 13918
2359, 14134
2600, 14361
2847, 14601
3093, 14833
3322, 15060
3545, 15274
3758, 15480
3972, 15696
4197, 15932
4448, 16175
4711, 53
4912, 252
5134, 467
5338, 669
5539, 866
5738, 1055
5947, 1255
6166, 1466
6399, 1691
6648, 1926
6907, 2173
7156, 2412
7397, 2640
7622, 2862
7830, 3066
8039, 3270
8247, 3477
8460, 3687
8685, 3903
8911, 4122
9124, 4324
9324, 4519
9507, 4689
9665, 4839
9808, 4973
9935, 5094
10054, 5204
10178, 5317
10298, 5433
10427, 5555
10572, 5692
10733, 5837
10904, 5993
11073, 6162
11246, 6321
11408, 6473
11559, 6616
11701, 6751
11830, 6877
11952, 6999
12073, 7119
12202, 7251
12344, 7395
12513, 7556
12704, 7752
12921, 7963
13152, 8185
13379, 8407
13597, 8618
13802, 8823
13994, 9004
14175, 9186
14353, 9362
14542, 9540
14739, 9728
14948, 9928
15164, 10137
15395, 10362
15616, 10571
15819, 10777
16021, 10973
16215, 11165
38, 11370
208, 11539
407, 11745
629, 11960
865, 12177
1095, 12403
1335, 12638
1559, 12853
1780, 13059
1998, 13263
2226, 13489
2479, 13727
2753, 13972
3035, 14246
3315, 14511
3584, 14769
3830, 15018
4075, 15262
4329, 15508
4591, 15768
4866, 16049
5152, 16326
5439, 216
5661, 435
5875, 650
6086, 854
6308, 1059
6546, 1292
6801, 1535
7057, 1785
7315, 2030
7556, 2262
7776, 2484
7980, 2681
8165, 2869
8347, 3045
8533, 3226
8726, 3417
8924, 3615
9136, 3814
9339, 4008
9540, 4205
9738, 4394
9923, 4569
10106, 4737
10303, 4928
10516, 5122
10740, 5342
11000, 5571
11267, 5825
11537, 6084
11797, 6327
12043, 6557
12262, 6778
12488, 6993
12709, 7205
12940, 7429
13173, 7655
13408, 7888
13641, 8103
13856, 8313
14059, 8507
14254, 8689
14446, 8876
14637, 9062
14843, 9262
15080, 9480
15327, 9714
15574, 9942
15811, 10179
16051, 10409
16265, 10621
81, 10815
233, 10966
402, 11133
586, 11314
776, 11503
986, 11706
1207, 11918
1442, 12140
1667, 12358
1880, 12563
2081, 12754
2273, 12944
2473, 13127
2677, 13321
2888, 13529
3121, 13746
3349, 13963
3570, 14181
3781, 14382
3971, 14569
4146, 14744
4320, 14920
4494, 15090
4675, 15266
4868, 15456
5077, 15658
5287, 15869
5494, 16073
5690, 16265
5866, 58
5988, 174
6108, 294
6213, 396
6309, 488
6392, 574
6473, 651
6549, 727
6623, 800
6697, 873
6775, 947
6858, 1028
6957, 1126
7068, 1231
7190, 1348
7322, 1474
7458, 1612
7599, 1748
7735, 1882
7867, 2011
7991, 2132
8106, 2243
8213, 2353
8321, 2458
8432, 2560
8543, 2672
8668, 2796
8807, 2931
8966, 3083
9147, 3256
9343, 3452
9554, 3652
9757, 3848
9960, 4037
10146, 4215
10343, 4398
10531, 4572
10703, 4736
10879, 4906
11072, 5089
11280, 5282
11499, 5487
11719, 5694
11935, 5902
12144, 6102
12336, 6289
12521, 6473
12709, 6648
12900, 6836
13103, 7035
13325, 7246
13555, 7475
13798, 7712
14040, 7949
14266, 8174
14490, 8385
14714, 8602
14936, 8823
15182, 9058
15438, 9315
15719, 9581
15988, 9842
16255, 10107
146, 10379
383, 10607
620, 10840
873, 11083
1139, 11334
1432, 11620
1738, 11919
2037, 12193
2330, 12468
2615, 12742
2904, 13010
3207, 13299
3515, 13597
3818, 13882
4093, 14152
4348, 14401
4588, 14638
4813, 14862
5040, 15076
5266, 15300
5501, 15533
5730, 15764
5955, 15986
6163, 16192
6359, 2
6485, 126
6633, 275
6786, 422
6938, 581
7100, 739
7273, 907
7460, 1091
7661, 1292
7865, 1491
8055, 1677
8230, 1854
8394, 2011
8537, 2147
8662, 2275
8781, 2389
8888, 2496
8997, 2596
9108, 2700
9219, 2807
9330, 2919
9455, 3036
9581, 3158
9711, 3282
9841, 3408
9968, 3529
10087, 3640
10208, 3754
10315, 3858
10412, 3948
10497, 4028
10577, 4104
10648, 4169
10715, 4231
10778, 4292
10843, 4352
10909, 4416
10979, 4483
11060, 4558
11152, 4643
11260, 4746
11392, 4867
11537, 5006
11698, 5158
11873, 5319
12047, 5483
12209, 5643
12366, 5796
12512, 5938
12652, 6071
12786, 6202
12925, 6327
13071, 6465
13224, 6615
13397, 6780
13593, 6967
13804, 7179
14032, 7401
14263, 7630
14495, 7851
14713, 8058
14933, 8279
15158, 8503
15407, 8737
15664, 8993
15938, 9266
16219, 9538
110, 9807
334, 10026
586, 10261
837, 10508
1095, 10759
1401, 11044
1706, 11331
1993, 11616
2275, 11883
2534, 12126
2774, 12354
3011, 12574
3253, 12809
3501, 13053
3758, 13307
4009, 13546
4246, 13779
4476, 14003
4691, 14210
4904, 14414
5118, 14624
5350, 14847
5598, 15090
5864, 15348
6125, 15608
6378, 15859
6615, 16095
6837, 16313
7054, 151
7238, 328
7428, 518
7617, 712
7810, 905
8010, 1102
8213, 1304
8410, 1499
8593, 1680
8760, 1843
8927, 2003
9092, 2162
9263, 2327
9446, 2500
9647, 2691
9869, 2901
10088, 3117
10334, 3349
10567, 3575
10785, 3788
10997, 3983
11207, 4181
11421, 4385
11655, 4608
11906, 4843
12160, 5090
12417, 5335
12669, 5575
12910, 5798
13150, 6027
13390, 6264
13645, 6506
13922, 6764
14196, 7029
14475, 7294
14727, 7545
14977, 7788
15217, 8023
15458, 8256
15710, 8507
15975, 8765
16237, 9030
109, 9274
308, 9466
488, 9645
655, 9804
808, 9950
951, 10085
1102, 10227
1263, 10380
1425, 10536
1598, 10700
1782, 10872
1963, 11049
2142, 11215
2314, 11380
2468, 11524
2606, 11659
2735, 11789
2862, 11903
2979, 12016
3099, 12132
3233, 12257
3379, 12396
3547, 12556
3735, 12743
3935, 12939
4151, 13147
4355, 13351
4552, 13543
4735, 13720
4907, 13882
5066, 14035
5232, 14187
5391, 14346
5557, 14511
5746, 14691
5945, 14886
6150, 15083
6357, 15290
6564, 15490
6754, 15682
6942, 15871
7129, 16054
7321, 16247
7532, 80
7702, 252
7909, 456
8122, 679
8345, 904
8567, 1118
8805, 1354
9039, 1580
9279, 1806
9522, 2039
9793, 2301
10083, 2566
10399, 2876
10721, 3177
11029, 3475
11326, 3771
11644, 4059
11974, 4378
12307, 4698
12646, 5027
12981, 5340
13305, 5648
13629, 5959
13965, 6279
14317, 6608
14659, 6941
14981, 7255
15279, 7554
15573, 7841
15858, 8125
16157, 8415
68, 8710
293, 8929
527, 9163
764, 9388
993, 9607
1218, 9824
1485, 10075
1787, 10352
2110, 10659
2426, 10967
2737, 11260
3037, 11546
3315, 11816
3588, 12081
3871, 12352
4153, 12634
4440, 12918
4718, 13182
4977, 13433
5228, 13671
5478, 13910
5741, 14158
6015, 14431
6300, 14704
6588, 14987
6860, 15247
7113, 15505
7359, 15754
7607, 16003
7867, 16261
8139, 157
8377, 397
8616, 637
8848, 868
9070, 1086
9301, 1313
9532, 1529
9762, 1748
9998, 1975
10237, 2206
10511, 2462
10773, 2712
11037, 2963
11269, 3195
11498, 3415
11726, 3633
11953, 3855
12183, 4081
12421, 4313
12657, 4535
12873, 4746
13074, 4936
13250, 5107
13409, 5260
13554, 5399
13691, 5523
13823, 5648
13960, 5772
14102, 5909
14249, 6046
14407, 6197
14566, 6347
14724, 6497
14876, 6637
15015, 6773
15148, 6902
15264, 7016
15370, 7117
15469, 7216
15568, 7308
15667, 7400
15765, 7503
15880, 7608
16005, 7734
16150, 7877
16313, 8040
109, 8220
277, 8385
443, 8547
619, 8711
778, 8866
932, 9018
1078, 9158
1232, 9306
1382, 9450
1531, 9593
1688, 9735
1846, 9886
2019, 10044
2217, 10230
2415, 10426
2616, 10615
2815, 10803
2996, 10982
3174, 11146
3341, 11306
3502, 11464
3667, 11632
3850, 11808
4040, 12004
4256, 12213
4494, 12438
4726, 12671
4961, 12889
5181, 13106
5387, 13315
5598, 13516
5819, 13726
6051, 13941
6304, 14176
6552, 14421
6806, 14669
7057, 14911
7292, 15139
7524, 15369
7751, 15603
7996, 15844
8245, 16096
8516, 16372
8793, 264
9025, 491
9247, 712
9466, 929
9688, 1139
9933, 1375
10198, 1627
10490, 1907
10794, 2194
11084, 2470
11357, 2732
11611, 2979
11848, 3215
12085, 3453
12327, 3696
12580, 3943
12840, 4190
13099, 4445
13346, 4688
13592, 4918
13834, 5149
14092, 5393
14375, 5660
14673, 5931
14982, 6225
15279, 6505
15563, 6772
15827, 7034
16098, 7299
16371, 7575
274, 7863
523, 8096
769, 8337
1007, 8568
1256, 8802
1495, 9035
1732, 9264
1982, 9497
2247, 9749
2526, 10004
2816, 10289
3113, 10563
3385, 10827
3645, 11084
3907, 11349
4180, 11620
4474, 11912
4772, 12201
5075, 12492
5355, 12769
5636, 13045
5912, 13311
6200, 13589
6510, 13887
6832, 14186
7145, 14490
7448, 14785
7743, 15076
8038, 15369
8340, 15676
8655, 15998
8974, 16312
9288, 235
9532, 475
9764, 708
9994, 924
10213, 1142
10487, 1403
10763, 1669
11040, 1937
11309, 2194
11561, 2436
11800, 2676
12042, 2912
12289, 3161
12565, 3431
12856, 3717
13151, 4000
13431, 4271
13704, 4530
13950, 4769
14196, 4992
14436, 5221
14687, 5454
14940, 5691
15195, 5923
15432, 6146
15661, 6359
15881, 6567
16097, 6772
16314, 6983
160, 7207
375, 7416
599, 7631
822, 7848
1047, 8052
1276, 8285
1502, 8497
1723, 8709
1942, 8921
2180, 9145
2433, 9382
2698, 9635
2965, 9894
3242, 10147
3517, 10418
3790, 10682
4054, 10952
4345, 11239
4652, 11540
4966, 11853
5280, 12157
5583, 12458
5883, 12746
6183, 13036
6495, 13340
6822, 13647
7142, 13955
7446, 14242
7726, 14510
7992, 14777
8251, 15031
8520, 15302
8805, 15583
9095, 15868
9377, 16146
9642, 25
9839, 210
10049, 422
10282, 646
10528, 886
10791, 1144
11074, 1424
11366, 1707
11643, 1971
11896, 2220
12134, 2457
12364, 2686
12603, 2921
12852, 3169
13109, 3422
13366, 3671
13612, 3911
13843, 4129
14065, 4347
14292, 4558
14521, 4783
14771, 5018
15035, 5265
15309, 5521
15585, 5779
15843, 6021
16092, 6258
16338, 6495
212, 6740
444, 6960
689, 7196
949, 7437
1207, 7691
1481, 7957
1756, 8217
2025, 8474
2295, 8733
2576, 9006
2865, 9288
3164, 9569
3449, 9850
3729, 10116
4005, 10396
4297, 10684
4606, 10981
4913, 11288
5233, 11598
5524, 11892
5802, 12157
6058, 12408
6303, 12646
6547, 12881
6791, 13122
7050, 13366
7305, 13615
7553, 13852
7797, 14080
8022, 14300
8251, 14520
8499, 14761
8762, 15024
9055, 15302
9361, 15604
9657, 15894
9941, 16172
10216, 54
10443, 275
10697, 530
10963, 788
11237, 1058
11528, 1347
11814, 1623
12082, 1892
12351, 2157
12635, 2428
12932, 2727
13246, 3039
13571, 3351
13890, 3659
14198, 3961
14504, 4251
14824, 4557
15157, 4866
15498, 5193
15838, 5505
16171, 5814
107, 6118
387, 6375
682, 6651
993, 6945
1306, 7241
1645, 7564
1978, 7877
2302, 8188
2622, 8500
2952, 8816
3275, 9130
3581, 9429
3870, 9714
4139, 9978
4408, 10239
4693, 10518
4985, 10806
5285, 11097
5577, 11384
5863, 11654
6125, 11912
6390, 12166
6670, 12432
6970, 12722
7294, 13030
7620, 13346
7936, 13646
8236, 13940
8540, 14225
8849, 14518
9181, 14834
9517, 15159
9854, 15485
10184, 15799
10535, 16142
10894, 108
11222, 434
11543, 761
11876, 1090
12212, 1428
12535, 1751
12867, 2080
13221, 2429
13595, 2785
13957, 3147
14310, 3488
14652, 3823
15004, 4149
15364, 4493
15730, 4847
16092, 5187
47, 5513
301, 5757
598, 6020
893, 6299
1207, 6584
1545, 6891
1862, 7197
2167, 7486
2448, 7754
2727, 8022
3010, 8296
3302, 8573
3587, 8862
3870, 9137
4136, 9409
4398, 9671
4675, 9942
4967, 10230
5309, 10565
5662, 10912
6010, 11263
6346, 11592
6669, 11919
6996, 12236
7339, 12570
7677, 12904
8007, 13233
8325, 13546
8645, 13854
8977, 14173
9337, 14510
9707, 14866
10064, 15210
10440, 15575
10801, 15932
11168, 16293
11549, 290
11875, 620
12191, 943
12496, 1255
12824, 1583
13163, 1912
13515, 2257
13875, 2613
14226, 2954
14568, 3289
14903, 3614
15247, 3945
15603, 4286
15954, 4633
16289, 4952
219, 5251
470, 5485
722, 5716
983, 5953
1244, 6203
1538, 6472
1825, 6740
2114, 7005
2387, 7265
2666, 7528
2953, 7804
3253, 8097
3569, 8402
3873, 8710
4164, 9006
4448, 9279
4718, 9546
4993, 9809
5273, 10088
5588, 10387
5903, 10689
6209, 10984
6490, 11257
6766, 11527
7043, 11797
7339, 12085
7643, 12375
7946, 12682
8235, 12966
8517, 13236
8786, 13500
9060, 13760
9355, 14040
9668, 14339
9990, 14637
10300, 14941
10624, 15251
10937, 15562
11268, 15886
11611, 16223
11968, 199
12254, 503
12543, 787
12816, 1071
13113, 1365
13420, 1662
13737, 1976
14058, 2278
14365, 2577
14648, 2850
14912, 3107
15164, 3353
15419, 3604
15685, 3855
15951, 4112
16207, 4365
70, 4604
246, 4776
434, 4954
630, 5131
818, 5312
1020, 5501
1261, 5720
1516, 5959
1781, 6195
2037, 6437
2280, 6657
2498, 6866
2699, 7058
2892, 7244
3077, 7423
3267, 7608
3462, 7791
3657, 7986
3850, 8175
4034, 8370
4215, 8549
4380, 8714
4540, 8872
4693, 9025
4842, 9171
4996, 9322
5157, 9483
5333, 9652
5525, 9837
5721, 10032
5948, 10248
6171, 10457
6374, 10654
6563, 10838
6743, 11009
6911, 11176
7082, 11341
7259, 11513
7454, 11709
7667, 11919
7896, 12135
8123, 12360
8345, 12581
8558, 12791
8763, 12987
8960, 13179
9165, 13375
9378, 13573
9609, 13792
9857, 14020
10116, 14256
10379, 14508
10629, 14741
10859, 14961
11075, 15171
11286, 15380
11512, 15598
11744, 15836
11985, 16076
12212, 16310
12435, 154
12601, 318
12750, 467
12882, 597
12992, 715
13097, 818
13191, 915
13286, 1013
13396, 1122
13514, 1239
13650, 1369
13800, 1516
13966, 1677
14139, 1849
14314, 2013
14483, 2174
14633, 2321
14775, 2456
14907, 2585
15029, 2702
15153, 2818
15283, 2944
15428, 3085
15591, 3240
15779, 3425
15996, 3630
16223, 3856
70, 4076
243, 4239
424, 4417
596, 4579
758, 4736
917, 4884
1072, 5027
1242, 5188
1420, 5348
1605, 5518
1794, 5693
1986, 5864
2166, 6030
2344, 6187
2507, 6335
2656, 6476
2800, 6608
2945, 6742
3093, 6876
3252, 7026
3422, 7188
3611, 7373
3820, 7576
4028, 7788
4247, 7996
4452, 8205
4640, 8397
4821, 8574
4989, 8738
5157, 8905
5329, 9074
5513, 9256
5714, 9453
5939, 9670
6167, 9890
6398, 10118
6642, 10346
6873, 10575
7105, 10799
7336, 11025
7582, 11271
7856, 11533
8129, 11814
8408, 12089
8680, 12364
8944, 12619
9194, 12871
9462, 13117
9732, 13380
10016, 13655
10330, 13954
10635, 14236
10903, 14498
11152, 14734
11383, 14958
11606, 15176
11839, 15405
12074, 15650
12323, 15905
12579, 16161
12819, 18
13001, 205
13197, 406
13404, 611
13616, 828
13850, 1063
14137, 1340
14435, 1629
14729, 1919
15019, 2196
15285, 2456
15553, 2709
15825, 2976
16108, 3248
18, 3541
246, 3763
492, 4001
739, 4237
989, 4477
1234, 4711
1521, 4982
1836, 5271
2151, 5566
2482, 5864
2793, 6158
3102, 6443
3416, 6734
3728, 7045
4065, 7369
4407, 7706
4742, 8038
5079, 8370
5414, 8700
5756, 9036
6114, 9380
6479, 9728
6833, 10069
7209, 10432
7577, 10776
7940, 11131
8301, 11504
8664, 11858
9010, 12188
9331, 12506
9640, 12809
9951, 13106
10272, 13415
10617, 13742
10954, 14059
11272, 14362
11590, 14670
11919, 14982
12258, 15325
12629, 15692
12995, 16059
13346, 25
13606, 291
13891, 573
14187, 865
14491, 1162
14825, 1488
15144, 1805
15460, 2106
15776, 2405
16091, 2718
38, 3045
305, 3303
598, 3592
887, 3867
1162, 4130
1470, 4430
1790, 4726
2121, 5043
2476, 5368
2818, 5684
3148, 5993
3466, 6292
3792, 6595
4109, 6905
4447, 7241
4790, 7571
5118, 7897
5441, 8207
5756, 8517
6079, 8838
6416, 9162
6741, 9479
7051, 9785
7346, 10069
7647, 10361
7935, 10644
8236, 10946
8538, 11248
8853, 11554
9148, 11849
9443, 12134
9733, 12410
10041, 12715
10393, 13057
10772, 13422
11150, 13789
11509, 14131
11856, 14463
12194, 14800
12544, 15143
12899, 15499
13249, 15851
13587, 16188
13926, 136
14229, 438
14542, 747
14872, 1070
15227, 1416
15567, 1741
15897, 2057
16208, 2358
159, 2681
447, 2972
744, 3253
1033, 3536
1345, 3833
1653, 4121
1961, 4416
2285, 4720
2621, 5035
2944, 5344
3267, 5641
3575, 5927
3865, 6204
4166, 6487
4475, 6787
4785, 7084
5094, 7378
5383, 7658
5649, 7919
5907, 8170
6165, 8416
6430, 8677
6692, 8935
6965, 9203
7226, 9454
7478, 9699
7716, 9927
7957, 10160
8230, 10428
8521, 10707
8827, 11010
9141, 11320
9450, 11620
9729, 11895
10003, 12159
10294, 12442
10598, 12739
10913, 13045
11230, 13349
11526, 13640
11807, 13911
12074, 14170
12338, 14437
12629, 14719
12935, 15017
13256, 15333
13558, 15634
13840, 15916
14117, 16187
14394, 79
14628, 307
14903, 578
15190, 861
15473, 1142
15786, 1442
16088, 1734
16383, 2021
318, 2329
597, 2603
890, 2883
1190, 3159
1496, 3453
1794, 3741
2100, 4021
2407, 4315
2721, 4615
3039, 4916
3346, 5210
3628, 5478
3892, 5727
4129, 5958
4368, 6182
4616, 6422
4873, 6661
5126, 6903
5374, 7145
5612, 7372
5835, 7594
6056, 7804
6284, 8023
6526, 8260
6796, 8519
7076, 8794
7358, 9075
7632, 9341
7895, 9592
8132, 9832
8374, 10059
8637, 10318
8907, 10580
9195, 10851
9479, 11126
9753, 11393
10019, 11649
10300, 11924
10596, 12207
10911, 12517
11255, 12847
11596, 13186
11930, 13516
12240, 13820
12554, 14129
12895, 14461
13256, 14818
13641, 15189
14020, 15562
14392, 15936
14778, 16317
15185, 333
15540, 684
15890, 1036
16257, 1401
250, 1769
573, 2070
913, 2398
1242, 2706
1596, 3043
1943, 3368
2267, 3680
2595, 3984
2925, 4292
3255, 4617
3586, 4933
3897, 5229
4191, 5516
4495, 5801
4803, 6092
5128, 6395
5460, 6709
5782, 7017
6095, 7316
6389, 7603
6688, 7893
6997, 8192
7307, 8496
7617, 8802
7913, 9092
8201, 9378
8483, 9650
8774, 9925
9078, 10223
9430, 10559
9789, 10899
10145, 11243
10513, 11598
10880, 11958
11269, 12338
11676, 12738
12077, 13141
12475, 13527
12869, 13921
13287, 14324
13730, 14742
14161, 15168
14581, 15581
15003, 16003
15433, 34
15768, 374
16127, 731
78, 1068
340, 1324
623, 1600
905, 1872
1198, 2146
1514, 2444
1824, 2743
2123, 3017
2416, 3287
2705, 3568
3002, 3850
3322, 4147
3639, 4458
3955, 4771
4255, 5061
4549, 5338
4839, 5611
5136, 5889
5444, 6177
5754, 6469
6062, 6762
6364, 7050
6656, 7332
6962, 7626
7268, 7934
7598, 8257
7933, 8588
8263, 8915
8588, 9240
8915, 9557
9262, 9890
9625, 10237
10032, 10622
10466, 11040
10896, 11459
11340, 11884
11801, 12334
12242, 12781
12695, 13223
13131, 13647
13586, 14089
14052, 14534
14508, 14980
14937, 15394
15346, 15809
15770, 16231
16193, 270
161, 626
449, 905
727, 1179
1050, 1485
1421, 1838
1809, 2200
2193, 2562
2565, 2918
2937, 3267
3301, 3622
3677, 3978
4048, 4342
4413, 4702
4768, 5045
5128, 5386
5511, 5740
5894, 6104
6284, 6471
6661, 6826
7028, 7175
7396, 7544
7783, 7914
8173, 8309
8563, 8699
8939, 9070
9311, 9435
9704, 9801
10098, 10180
10566, 10622
11016, 11052
11455, 11479
11909, 11925
12349, 12372
12779, 12799
13177, 13195
13574, 13577
13973, 13964
14379, 14355
14774, 14739
15153, 15110
15532, 15481
15927, 15876
16336, 16289
370, 319
657, 612
934, 884
1197, 1143
1534, 1463
1878, 1794
2228, 2116
2564, 2427
2884, 2728
3191, 3024
3507, 3320
3831, 3633
4157, 3952
4479, 4269
4792, 4571
5097, 4862
5393, 5141
5698, 5432
6015, 5728
6344, 6039
6662, 6343
6981, 6645
7289, 6940
7594, 7241
7910, 7561
8236, 7888
8571, 8214
8892, 8536
9206, 8843
9525, 9152
9853, 9466
10187, 9790
10565, 10142
10955, 10516
11310, 10857
11649, 11182
11993, 11519
12334, 11866
12681, 12203
13024, 12541
13360, 12865
13695, 13184
14039, 13525
14414, 13884
14799, 14243
15160, 14596
15508, 14927
15845, 15263
16185, 15603
150, 15957
448, 16256
738, 161
961, 382
1186, 598
1422, 834
1668, 1067
1949, 1340
2247, 1624
2540, 1903
2829, 2170
3101, 2431
3376, 2685
3649, 2946
3925, 3211
4215, 3502
4526, 3791
4825, 4081
5124, 4355
5409, 4621
5689, 4894
5983, 5163
6293, 5456
6614, 5759
6933, 6048
7232, 6338
7521, 6617
7821, 6897
8116, 7197
8423, 7503
8733, 7813
9033, 8108
9323, 8385
9597, 8656
9860, 8911
10126, 9170
10421, 9449
10716, 9737
11008, 10016
11301, 10294
11577, 10563
11852, 10826
12133, 11104
12439, 11412
12764, 11733
13083, 12045
13390, 12342
13679, 12619
13943, 12881
14205, 13133
14472, 13385
14742, 13655
15005, 13902
15259, 14144
15491, 14371
15707, 14580
15908, 14778
16109, 14980
16320, 15196
173, 15430
381, 15646
606, 15865
824, 16082
1031, 16287
1242, 107
1409, 271
1573, 428
1729, 586
1892, 748
2070, 918
2262, 1097
2481, 1308
2718, 1534
2949, 1756
3174, 1968
3391, 2173
3595, 2367
3794, 2562
3993, 2757
4207, 2965
4433, 3187
4677, 3421
4924, 3659
5168, 3891
5397, 4107
5623, 4322
5845, 4537
6071, 4753
6304, 4972
6550, 5206
6801, 5441
7045, 5673
7268, 5891
7472, 6091
7668, 6275
7839, 6446
8001, 6603
8158, 6758
8322, 6922
8497, 7089
8673, 7269
8866, 7458
9057, 7642
9240, 7827
9416, 8002
9582, 8158
9737, 8309
9881, 8452
10025, 8594
10193, 8756
10375, 8934
10581, 9135
10806, 9354
11053, 9586
11292, 9820
11527, 10048
11760, 10273
11981, 10485
12190, 10689
12402, 10901
12629, 11119
12866, 11352
13114, 11596
13361, 11834
13597, 12061
13817, 12271
14030, 12480
14242, 12693
14471, 12910
14724, 13152
15004, 13426
15296, 13702
15573, 13983
15845, 14250
16110, 14506
16369, 14769
263, 15048
527, 15303
800, 15583
1090, 15871
1397, 16180
1704, 90
1930, 314
2188, 559
2452, 815
2732, 1083
3042, 1379
3351, 1673
3649, 1950
3926, 2230
4213, 2504
4512, 2788
4816, 3088
5131, 3391
5443, 3683
5727, 3948
5985, 4199
6232, 4439
6473, 4671
6726, 4909
6968, 5154
7222, 5397
7470, 5631
7701, 5863
7920, 6076
8131, 6289
8353, 6501
8583, 6725
8832, 6974
9098, 7236
9377, 7515
9656, 7782
9918, 8035
10171, 8282
10441, 8543
10709, 8802
10988, 9074
11283, 9359
11574, 9642
11860, 9909
12127, 10174
12415, 10457
12709, 10742
13030, 11053
13382, 11390
13738, 11744
14086, 12085
14421, 12415
14773, 12759
15146, 13126
15540, 13516
15930, 13896
16298, 14272
279, 14639
603, 14966
950, 15303
1307, 15652
1691, 16030
2062, 2
2303, 238
2597, 531
2908, 835
3215, 1131
3544, 1443
3854, 1745
4137, 2022
4419, 2289
4695, 2555
4970, 2828
5266, 3104
5556, 3377
5843, 3652
6112, 3905
6376, 4153
6648, 4411
6938, 4691
7248, 4978
7565, 5282
7882, 5582
8180, 5874
8472, 6156
8754, 6427
9049, 6706
9356, 6996
9660, 7294
9970, 7590
10262, 7874
10577, 8170
10892, 8481
11227, 8801
11565, 9134
11909, 9468
12230, 9795
12547, 10098
12887, 10433
13253, 10784
13633, 11164
14022, 11546
14397, 11917
14757, 12264
15127, 12625
15504, 12994
15885, 13381
16263, 13751
238, 14109
543, 14408
852, 14712
1174, 15030
1525, 15369
1867, 15709
2178, 16027
2484, 16308
2773, 211
3015, 445
3255, 681
3508, 926
3750, 1170
4006, 1418
4254, 1658
4491, 1886
4728, 2119
4985, 2362
5255, 2614
5540, 2892
5836, 3178
6127, 3457
6408, 3725
6666, 3972
6924, 4214
7184, 4466
7442, 4718
7707, 4969
7964, 5227
8204, 5469
8444, 5698
8672, 5922
8901, 6143
9140, 6378
9397, 6627
9667, 6887
9945, 7159
10208, 7419
10486, 7689
10738, 7934
10991, 8173
11234, 8418
11499, 8672
11771, 8943
12051, 9215
12318, 9476
12579, 9730
12830, 9973
13077, 10213
13362, 10480
13651, 10759
13971, 11059
14279, 11359
14580, 11647
14850, 11917
15119, 12175
15391, 12431
15680, 12705
15972, 13000
16260, 13288
158, 13555
372, 13768
570, 13959
752, 14137
927, 14307
1098, 14474
1297, 14669
1498, 14862
1711, 15068
1933, 15281
2139, 15484
2337, 15675
2523, 15863
2696, 16039
2868, 16208
3051, 16383
3244, 193
3423, 367
3617, 563
3821, 760
4019, 967
4214, 1160
4423, 1359
4606, 1540
4779, 1710
4941, 1869
5098, 2017
5258, 2168
5421, 2327
5597, 2491
5776, 2665
5960, 2840
6144, 3015
6321, 3185
6481, 3339
6629, 3479
6761, 3611
6883, 3727
7006, 3840
7121, 3952
7243, 4064
7370, 4186
7511, 4321
7664, 4471
7832, 4632
8009, 4801
8185, 4975
8364, 5144
8532, 5302
8687, 5450
8833, 5588
8975, 5720
9110, 5848
9250, 5983
9403, 6122
9568, 6277
9748, 6447
9948, 6636
10154, 6832
10383, 7046
10598, 7261
10799, 7453
10986, 7638
11167, 7813
11345, 7986
11533, 8168
11732, 8362
11944, 8578
12169, 8801
12397, 9030
12616, 9246
12822, 9450
13015, 9633
13196, 9813
13375, 9984
13554, 10157
13755, 10355
13976, 10566
14201, 10785
14421, 11003
14631, 11207
14818, 11388
14977, 11541
15113, 11673
15227, 11789
15333, 11888
15432, 11982
15525, 12076
15621, 12169
15726, 12266
15843, 12381
15972, 12508
16121, 12649
16277, 12804
56, 12962
178, 13086
313, 13213
435, 13333
549, 13443
656, 13543
756, 13638
851, 13730
944, 13820
1041, 13911
1155, 14019
1290, 14142
1440, 14291
1622, 14458
1828, 14653
2047, 14859
2271, 15078
2484, 15283
2681, 15473
2852, 15642
3003, 15790
3143, 15928
3275, 16057
3403, 16183
3538, 16311
3672, 60
3783, 172
3915, 300
4047, 436
4190, 575
4329, 716
4467, 851
4595, 981
4720, 1102
4847, 1222
4966, 1339
5078, 1448
5190, 1559
5310, 1670
5433, 1786
5572, 1921
5725, 2068
5896, 2229
6087, 2408
6283, 2591
6479, 2780
6665, 2965
6844, 3134
7009, 3295
7169, 3448
7321, 3596
7472, 3745
7631, 3897
7806, 4063
7992, 4246
8193, 4446
8411, 4654
8627, 4861
8841, 5067
9046, 5258
9248, 5446
9442, 5631
9640, 5817
9844, 6012
10072, 6221
10328, 6462
10586, 6710
10845, 6956
11081, 7187
11308, 7408
11525, 7620
11740, 7835
11959, 8051
12183, 8274
12414, 8501
12643, 8731
12860, 8942
13053, 9133
13231, 9304
13389, 9461
13535, 9598
13671, 9733
13815, 9869
13962, 10013
14136, 10180
14332, 10363
14533, 10559
14741, 10757
14942, 10950
15122, 11130
15294, 11296
15449, 11453
15602, 11598
15751, 11749
15912, 11915
16100, 12095
16300, 12293
147, 12521
349, 12723
554, 12923
754, 13111
933, 13286
1101, 13450
1267, 13607
1427, 13762
1584, 13914
1746, 14066
1916, 14228
2090, 14398
2274, 14575
2456, 14748
2634, 14915
2798, 15079
2947, 15230
3082, 15362
3211, 15486
3333, 15603
3450, 15722
3574, 15848
3711, 15983
3866, 16139
4035, 16311
4222, 118
4399, 294
4577, 468
4752, 643
4917, 812
5077, 967
5234, 1116
5391, 1274
5545, 1425
5708, 1580
5883, 1743
6068, 1924
6278, 2128
6504, 2339
6732, 2560
6957, 2782
7179, 2990
7389, 3188
7587, 3395
7802, 3596
8019, 3804
8242, 4023
8481, 4256
8728, 4497
8967, 4723
9192, 4941
9406, 5138
9616, 5335
9821, 5528
10035, 5726
10272, 5949
10526, 6180
10783, 6420
11016, 6645
11226, 6849
11421, 7032
11586, 7191
11733, 7331
11865, 7465
11992, 7593
12120, 7723
12258, 7859
12403, 8006
12562, 8160
12732, 8322
12903, 8492
13067, 8655
13230, 8812
13376, 8957
13522, 9094
13654, 9225
13789, 9354
13936, 9497
14102, 9654
14288, 9833
14497, 10040
14751, 10280
15019, 10535
15273, 10785
15508, 11011
15720, 11220
15921, 11416
16114, 11604
16305, 11797
122, 11999
309, 12176
507, 12367
699, 12555
892, 12739
1071, 12919
1254, 13092
1431, 13258
1605, 13425
1785, 13594
1974, 13770
2181, 13965
2414, 14186
2659, 14413
2896, 14649
3127, 14868
3340, 15075
3544, 15268
3737, 15463
3931, 15662
4136, 15870
4364, 16096
4611, 16338
4866, 197
5071, 411
5277, 610
5474, 799
5664, 983
5851, 1163
6062, 1367
6282, 1574
6524, 1807
6768, 2038
7019, 2276
7256, 2501
7475, 2713
7677, 2915
7872, 3100
8057, 3289
8247, 3476
8443, 3667
8649, 3863
8855, 4059
9055, 4255
9239, 4432
9411, 4593
9560, 4735
9687, 4857
9801, 4964
9901, 5056
9992, 5143
10077, 5224
10164, 5310
10258, 5396
10358, 5487
10467, 5589
10592, 5703
10733, 5836
10890, 5980
11052, 6130
11209, 6285
11368, 6432
11506, 6569
11642, 6699
11767, 6818
11889, 6936
12010, 7054
12131, 7180
12272, 7319
12435, 7480
12624, 7664
12836, 7878
13065, 8105
13300, 8330
13522, 8552
13728, 8746
13919, 8938
14093, 9108
14265, 9270
14436, 9433
14613, 9603
14805, 9786
15002, 9973
15202, 10170
15415, 10376
15612, 10568
15793, 10745
15958, 10908
16117, 11061
16272, 11218
54, 11390
198, 11529
374, 11702
563, 11889
756, 12079
960, 12267
1155, 12454
1354, 12649
1536, 12824
1704, 12988
1867, 13142
2032, 13299
2209, 13468
2403, 13655
2626, 13859
2865, 14086
3113, 14318
3353, 14548
3568, 14761
3777, 14964
3970, 15155
4164, 15351
4366, 15551
4579, 15762
4815, 15997
5056, 16230
5298, 84
5474, 254
5661, 436
5836, 606
6008, 774
6177, 933
6345, 1106
6544, 1295
6747, 1486
6956, 1687
7171, 1894
7376, 2089
7560, 2268
7729, 2434
7873, 2581
8009, 2712
8129, 2834
8244, 2944
8359, 3056
8477, 3171
8602, 3301
8743, 3436
8893, 3581
9051, 3736
9221, 3897
9392, 4057
9558, 4219
9714, 4370
9867, 4514
10011, 4648
10167, 4797
10328, 4949
10500, 5113
10697, 5294
10925, 5506
11177, 5743
11440, 5986
11699, 6229
11946, 6460
12170, 6685
12390, 6897
12609, 7112
12836, 7330
13077, 7563
13321, 7804
13571, 8034
13802, 8255
14025, 8467
14226, 8671
14435, 8859
14643, 9059
14869, 9277
15112, 9506
15367, 9748
15623, 9999
15870, 10232
16118, 10476
16349, 10701
182, 10917
372, 11102
573, 11303
794, 11519
1028, 11744
1291, 12005
1557, 12256
1810, 12501
2051, 12730
2293, 12959
2534, 13192
2796, 13437
3060, 13700
3342, 13960
3617, 14222
3873, 14471
4109, 14712
4344, 14945
4588, 15184
4839, 15429
5097, 15687
5364, 15950
5631, 16202
5870, 54
6036, 219
6212, 396
6375, 555
6535, 710
6691, 861
6851, 1018
7031, 1196
7220, 1381
7415, 1563
7609, 1754
7794, 1937
7980, 2113
8147, 2288
8309, 2449
8481, 2616
8663, 2788
8859, 2980
9067, 3181
9302, 3403
9540, 3639
9774, 3863
9998, 4071
10215, 4271
10429, 4475
10635, 4672
10836, 4868
11049, 5061
11265, 5263
11487, 5474
11707, 5682
11917, 5883
12107, 6065
12281, 6239
12450, 6398
12610, 6557
12769, 6705
12935, 6873
13125, 7056
13329, 7252
13551, 7469
13780, 7691
14002, 7909
14213, 8115
14410, 8312
14601, 8497
14785, 8675
14976, 8863
15179, 9055
15398, 9267
15631, 9498
15868, 9730
16099, 9955
16317, 10173
158, 10393
349, 10573
544, 10759
735, 10951
949, 11151
1172, 11369
1417, 11610
1666, 11845
1907, 12072
2129, 12281
2341, 12481
2545, 12674
2749, 12868
2960, 13064
3182, 13275
3409, 13494
3636, 13706
3843, 13911
4031, 14099
4200, 14265
4349, 14406
4483, 14535
4605, 14654
4719, 14766
4833, 14879
4948, 14990
5070, 15113
5201, 15239
5342, 15380
5493, 15529
5642, 15678
5792, 15827
5933, 15965
6063, 16094
6178, 16211
6283, 16314
6383, 26
6451, 94
6519, 162
6594, 235
6670, 313
6750, 392
6841, 483
6944, 586
7064, 704
7200, 838
7354, 989
7526, 1160
7725, 1347
7915, 1539
8100, 1727
8273, 1895
8431, 2052
8579, 2195
8718, 2321
8845, 2446
8969, 2569
9098, 2695
9231, 2819
9371, 2953
9514, 3093
9667, 3238
9818, 3384
9970, 3525
10110, 3659
10255, 3797
10385, 3920
10500, 4030
10610, 4130
10716, 4229
10821, 4327
10929, 4431
11044, 4539
11178, 4660
11327, 4805
11497, 4970
11690, 5145
11896, 5335
12091, 5531
12278, 5714
12459, 5887
12633, 6052
12800, 6210
12966, 6368
13140, 6534
13334, 6720
13554, 6933
13801, 7165
14055, 7420
14311, 7670
14563, 7917
14799, 8144
15037, 8376
15286, 8619
15545, 8878
15820, 9147
16105, 9425
1, 9706
192, 9884
414, 10103
664, 10342
911, 10578
1180, 10828
1474, 11120
1776, 11408
2069, 11683
2327, 11933
2570, 12162
2793, 12373
3011, 12582
3233, 12796
3467, 13019
3697, 13240
3926, 13472
4149, 13683
4359, 13890
4556, 14078
4749, 14266
4938, 14446
5141, 14649
5365, 14861
5609, 15099
5862, 15352
6125, 15614
6372, 15856
6599, 16086
6823, 16300
7033, 129
7211, 304
7395, 488
7586, 679
7778, 875
7975, 1070
8189, 1283
8392, 1480
8585, 1672
8778, 1855
8960, 2033
9153, 2221
9365, 2420
9592, 2637
9835, 2868
10087, 3110
10354, 3368
10613, 3614
10859, 3850
11101, 4074
11342, 4306
11610, 4555
11886, 4822
12170, 5100
12460, 5371
12740, 5640
13012, 5899
13295, 6160
13581, 6440
13888, 6736
14210, 7036
14521, 7339
14814, 7629
15106, 7912
15387, 8187
15682, 8477
15988, 8777
16286, 9076
190, 9359
416, 9575
626, 9776
819, 9962
1005, 10137
1216, 10341
1437, 10547
1655, 10752
1880, 10966
2099, 11176
2309, 11374
2501, 11560
2682, 11734
2853, 11898
3024, 12063
3197, 12221
3390, 12404
3604, 12613
3837, 12841
4077, 13081
4323, 13319
4563, 13553
4791, 13766
5006, 13982
5224, 14187
5441, 14395
5670, 14620
5916, 14860
6169, 15100
6415, 15348
6653, 15582
6876, 15811
7102, 16035
7330, 16258
7575, 120
7795, 344
8028, 573
8264, 818
8504, 1059
8766, 1314
9017, 1559
9269, 1797
9535, 2043
9807, 2315
10101, 2599
10436, 2907
10760, 3218
11068, 3515
11381, 3805
11688, 4103
12012, 4413
12343, 4733
12673, 5049
12990, 5350
13293, 5641
13599, 5931
13912, 6220
14230, 6525
14542, 6823
14842, 7122
15115, 7385
15364, 7638
15603, 7871
15841, 8102
16073, 8340
16313, 8575
168, 8815
362, 9005
543, 9181
716, 9347
881, 9507
1039, 9661
1215, 9824
1402, 10002
1626, 10211
1874, 10444
2136, 10691
2406, 10938
2657, 11186
2901, 11411
3122, 11629
3337, 11838
3546, 12045
3765, 12252
3985, 12467
4218, 12692
4447, 12919
4670, 13134
4882, 13340
5083, 13534
5279, 13723
5480, 13916
5690, 14120
5924, 14343
6167, 14579
6412, 14819
6661, 15061
6895, 15293
7113, 15509
7322, 15718
7535, 15929
7757, 16159
7996, 20
8194, 217
8418, 437
8646, 663
8855, 873
9062, 1076
9279, 1287
9488, 1494
9700, 1691
9919, 1905
10147, 2119
10407, 2366
10666, 2612
10909, 2843
11142, 3068
11356, 3278
11573, 3483
11782, 3690
12008, 3906
12238, 4127
12476, 4361
12716, 4593
12942, 4811
13142, 5007
13329, 5178
13492, 5336
13642, 5478
13786, 5614
13931, 5749
14076, 5886
14232, 6028
14397, 6181
14562, 6338
14726, 6494
14887, 6646
15037, 6792
15180, 6923
15307, 7046
15419, 7160
15528, 7266
15634, 7369
15742, 7477
15860, 7591
15992, 7721
16140, 7869
16304, 8032
104, 8210
267, 8370
433, 8532
591, 8689
743, 8834
881, 8966
1002, 9090
1124, 9206
1236, 9317
1341, 9413
1438, 9504
1535, 9594
1627, 9682
1721, 9774
1823, 9871
1932, 9971
2049, 10079
2181, 10204
2318, 10334
2457, 10463
2589, 10588
2709, 10707
2823, 10810
2917, 10900
2999, 10982
3070, 11049
3128, 11107
3177, 11154
3217, 11194
3250, 11228
3277, 11253
3296, 11271
3309, 11282
3315, 11289
3317, 11291
3316, 11290
3312, 11286
3305, 11278
3298, 11272
3291, 11266
3285, 11261
3281, 11257
3280, 11257
3281, 11258
3283, 11260
3287, 11264
3291, 11269
3297, 11274
3302, 11279
3307, 11283
3311, 11287
3314, 11290
3316, 11292
3317, 11292
3316, 11290
3315, 11290
3314, 11287
3312, 11287
3311, 11286
3312, 11285
3313, 11287
3314, 11288
3315, 11289
3318, 11292
3320, 11293
3322, 11295
3324, 11297
3326, 11298
3326, 11300
3328, 11302
3331, 11305
3332, 11307
3334, 11308
3338, 11311
3340, 11315
3344, 11318
3348, 11321
3353, 11327
3360, 11333
3366, 11340
3375, 11349
3385, 11359
3398, 11372
3415, 11388
3436, 11406
3458, 11428
3485, 11454
3519, 11488
3561, 11528
3613, 11578
3679, 11642
3764, 11725
3875, 11830
4004, 11967
4158, 12119
4333, 12285
4521, 12474
4710, 12655
4893, 12835
5061, 12999
5226, 13150
5373, 13298
5521, 13439
5670, 13582
5829, 13737
6006, 13902
6207, 14088
6419, 14293
6649, 14514
6876, 14738
7103, 14952
7311, 15163
7517, 15364
7726, 15572
7940, 15787
8168, 16024
8416, 16271
8677, 153
8895, 365
9116, 581
9324, 786
9532, 988
9735, 1188
9965, 1407
10210, 1639
10496, 1911
10781, 2182
11059, 2450
11322, 2703
11560, 2940
11790, 3162
12006, 3377
12235, 3605
12482, 3837
12719, 4073
12973, 4323
13221, 4559
13459, 4793
13694, 5011
13933, 5242
14193, 5487
14474, 5749
14779, 6033
15083, 6320
15377, 6605
15661, 6875
15935, 7139
16210, 7410
114, 7703
368, 7945
620, 8190
871, 8436
1120, 8669
1375, 8917
1636, 9161
1885, 9409
2157, 9663
2441, 9927
2734, 10203
3041, 10502
3336, 10782
3618, 11057
3900, 11336
4191, 11634
4503, 11945
4831, 12261
5155, 12572
5460, 12877
5762, 13165
6068, 13462
6404, 13785
6741, 14101
7075, 14429
7411, 14753
7740, 15068
8064, 15391
8397, 15736
8750, 16093
9095, 51
9356, 305
9623, 569
9879, 820
10136, 1063
10440, 1363
10747, 1659
11059, 1956
11353, 2236
11638, 2506
11905, 2765
12166, 3033
12453, 3321
12768, 3627
13086, 3935
13392, 4233
13689, 4513
13964, 4777
14229, 5030
14504, 5286
14784, 5546
15066, 5807
15342, 6062
15606, 6311
15857, 6546
16115, 6790
16369, 7034
252, 7292
494, 7533
734, 7768
986, 8001
1223, 8229
1477, 8471
1723, 8704
1966, 8940
2223, 9184
2498, 9443
2784, 9714
3067, 9987
3345, 10253
3636, 10540
3919, 10813
4216, 11107
4523, 11410
4844, 11733
5173, 12054
5489, 12356
5797, 12661
6109, 12965
6430, 13272
6756, 13584
7087, 13902
7393, 14196
7685, 14467
7953, 14731
8198, 14981
8459, 15238
8722, 15497
8993, 15769
9262, 16037
9516, 16279
9754, 133
9947, 320
10136, 508
10352, 718
10579, 938
10822, 1175
11092, 1440
11360, 1700
11618, 1943
11850, 2173
12063, 2380
12261, 2581
12463, 2783
12670, 2984
12878, 3195
13101, 3409
13319, 3623
13526, 3828
13727, 4016
13912, 4197
14089, 4368
14263, 4538
14448, 4711
14644, 4894
14855, 5100
15089, 5315
15330, 5535
15558, 5756
15786, 5964
15992, 6160
16187, 6350
1, 6536
136, 6666
322, 6846
519, 7034
730, 7235
962, 7450
1184, 7668
1423, 7900
1660, 8120
1891, 8339
2117, 8564
2353, 8790
2604, 9036
2873, 9291
3140, 9545
3401, 9802
3650, 10042
3905, 10296
4159, 10549
4417, 10804
4692, 11071
4980, 11354
5258, 11630
5516, 11886
5758, 12120
5975, 12331
6173, 12526
6367, 12713
6559, 12903
6764, 13097
6977, 13302
7190, 13502
7391, 13700
7588, 13886
7770, 14057
7934, 14218
8095, 14376
8260, 14534
8437, 14705
8626, 14890
8843, 15101
9074, 15333
9324, 15570
9561, 15801
9785, 16021
9990, 16217
10182, 25
10338, 177
10510, 341
10680, 513
10862, 690
11056, 879
11254, 1073
11474, 1290
11686, 1501
11892, 1701
12081, 1891
12265, 2071
12450, 2257
12649, 2451
12869, 2663
13103, 2897
13361, 3140
13607, 3389
13851, 3624
14085, 3851
14309, 4063
14539, 4281
14781, 4514
15038, 4757
15316, 5014
15595, 5278
15866, 5532
16122, 5770
16363, 5997
221, 6229
435, 6423
662, 6628
892, 6849
1134, 7082
1399, 7334
1654, 7573
1899, 7808
2132, 8032
2366, 8249
2597, 8479
2842, 8712
3091, 8952
3329, 9187
3563, 9415
3778, 9623
3963, 9812
4136, 9985
4303, 10142
4472, 10310
4649, 10482
4833, 10659
5024, 10842
5223, 11040
5425, 11238
5620, 11425
5803, 11604
5977, 11772
6139, 11930
6304, 12087
6474, 12249
6653, 12424
6858, 12621
7093, 12846
7338, 13082
7594, 13319
7831, 13552
8051, 13761
8258, 13963
8461, 14154
8659, 14344
8868, 14539
9087, 14749
9318, 14968
9552, 15189
9781, 15409
9998, 15623
10209, 15824
10424, 16035
10641, 16244
10869, 84
11062, 272
11279, 490
11513, 721
11741, 952
11957, 1168
12176, 1390
12391, 1605
12599, 1816
12819, 2026
13058, 2267
13314, 2514
13580, 2782
13853, 3039
14115, 3296
14360, 3535
14593, 3763
14833, 3994
15081, 4226
15344, 4476
15616, 4744
15893, 5000
16152, 5247
11, 5479
194, 5649
395, 5836
598, 6025
808, 6216
1029, 6421
1276, 6646
1513, 6872
1744, 7083
1951, 7282
2139, 7464
2316, 7635
2485, 7796
2652, 7959
2825, 8120
3005, 8293
3196, 8477
3392, 8672
3590, 8866
3783, 9054
3962, 9239
4137, 9412
4304, 9576
4470, 9740
4644, 9913
4831, 10099
5064, 10324
5312, 10571
5580, 10829
5840, 11090
6085, 11336
6315, 11563
6535, 11783
6750, 11993
6970, 12211
7202, 12444
7438, 12680
7677, 12911
7908, 13137
8119, 13349
8322, 13547
8526, 13741
8736, 13944
8958, 14156
9200, 14387
9462, 14632
9733, 14896
10002, 15148
10267, 15411
10519, 15654
10760, 15889
11010, 16139
11267, 8
11459, 199
11700, 437
11930, 683
12155, 906
12369, 1125
12595, 1350
12820, 1577
13047, 1803
13289, 2042
13544, 2291
13811, 2550
14066, 2805
14315, 3042
14549, 3273
14774, 3496
15006, 3716
15248, 3942
15496, 4181
15749, 4432
16004, 4674
16230, 4898
57, 5100
205, 5243
361, 5385
509, 5525
653, 5657
801, 5793
955, 5936
1116, 6089
1304, 6260
1500, 6441
1697, 6619
1892, 6798
2075, 6969
2250, 7139
2429, 7305
2611, 7478
2796, 7660
3007, 7863
3232, 8078
3476, 8311
3724, 8561
3959, 8795
4186, 9030
4401, 9233
4604, 9434
4807, 9637
5017, 9839
5235, 10048
5486, 10290
5741, 10538
5989, 10775
6220, 10997
6439, 11211
6650, 11415
6857, 11618
7078, 11832
7307, 12060
7562, 12300
7814, 12549
8063, 12795
8309, 13033
8533, 13262
8760, 13476
8995, 13698
9240, 13930
9510, 14186
9792, 14455
10085, 14730
10388, 15019
10676, 15306
10967, 15590
11262, 15882
11574, 16194
11911, 138
12182, 428
12452, 697
12710, 961
12964, 1217
13252, 1499
13546, 1794
13858, 2090
14168, 2384
14452, 2660
14722, 2926
14977, 3173
15228, 3414
15480, 3659
15741, 3910
16005, 4163
16268, 4422
136, 4666
338, 4859
536, 5048
740, 5242
955, 5439
1189, 5653
1457, 5904
1739, 6162
2018, 6420
2282, 6661
2527, 6895
2760, 7110
2985, 7329
3208, 7543
3429, 7764
3666, 7996
3896, 8225
4116, 8449
4328, 8667
4536, 8871
4737, 9070
4937, 9271
5146, 9473
5369, 9692
5613, 9923
5866, 10166
6141, 10432
6405, 10689
6656, 10928
6893, 11162
7142, 11397
7397, 11651
7672, 11921
7957, 12198
8243, 12481
8526, 12759
8797, 13020
9066, 13274
9344, 13535
9636, 13814
9941, 14102
10262, 14396
10595, 14711
10912, 15013
11220, 15315
11530, 15622
11850, 15941
12164, 16262
12462, 182
12690, 413
12900, 625
13098, 828
13285, 1010
13495, 1219
13710, 1433
13941, 1653
14178, 1880
14403, 2099
14621, 2307
14819, 2501
15006, 2677
15181, 2845
15362, 3017
15546, 3198
15746, 3390
15967, 3607
16203, 3835
55, 4061
231, 4230
416, 4405
586, 4572
750, 4727
909, 4877
1066, 5022
1240, 5185
1425, 5355
1618, 5531
1825, 5713
2024, 5899
2234, 6087
2429, 6265
2616, 6438
2800, 6600
2976, 6769
3156, 6939
3346, 7118
3554, 7317
3782, 7535
4010, 7769
4246, 8002
4476, 8227
4697, 8448
4907, 8656
5110, 8857
5319, 9068
5543, 9287
5782, 9517
6033, 9766
6288, 10010
6560, 10270
6823, 10524
7071, 10765
7323, 11009
7571, 11256
7840, 11525
8115, 11798
8389, 12076
8654, 12334
8896, 12573
9131, 12803
9362, 13027
9596, 13254
9846, 13492
10104, 13739
10374, 13994
10629, 14232
10853, 14449
11049, 14639
11215, 14801
11371, 14947
11514, 15086
11659, 15232
11816, 15382
11981, 15553
12157, 15733
12339, 15926
12528, 16114
12705, 16291
12877, 79
13002, 208
13132, 340
13261, 468
13394, 604
13534, 746
13694, 906
13874, 1082
14095, 1299
14332, 1532
14575, 1766
14813, 1997
15032, 2208
15238, 2405
15431, 2596
15622, 2774
15815, 2966
16018, 3162
16228, 3373
66, 3588
231, 3750
412, 3927
585, 4090
749, 4252
912, 4408
1071, 4562
1256, 4736
1451, 4917
1662, 5116
1894, 5330
2144, 5556
2391, 5785
2634, 6008
2861, 6218
3084, 6426
3298, 6628
3522, 6841
3756, 7067
3998, 7305
4260, 7564
4515, 7818
4764, 8070
5013, 8304
5247, 8538
5488, 8770
5731, 9019
6001, 9276
6273, 9539
6549, 9799
6819, 10057
7088, 10317
7343, 10562
7592, 10799
7849, 11048
8100, 11305
8368, 11574
8633, 11828
8874, 12062
9098, 12280
9301, 12478
9489, 12663
9678, 12841
9871, 13033
10072, 13224
10302, 13447
10548, 13677
10785, 13904
11017, 14119
11235, 14328
11443, 14527
11659, 14732
11895, 14960
12153, 15223
12440, 15510
12745, 15812
13046, 16112
13333, 12
13547, 227
13772, 459
14008, 692
14257, 940
14516, 1193
14799, 1469
15081, 1738
15348, 1994
15611, 2252
15877, 2509
16159, 2784
78, 3080
313, 3315
581, 3579
841, 3825
1092, 4062
1364, 4323
1638, 4587
1934, 4860
2242, 5152
2560, 5449
2873, 5739
3173, 6017
3464, 6285
3753, 6559
4039, 6840
4347, 7133
4656, 7440
4964, 7741
5251, 8027
5538, 8309
5830, 8588
6124, 8884
6431, 9182
6730, 9478
7021, 9755
7288, 10007
7547, 10267
7800, 10516
8049, 10760
8304, 11016
8575, 11284
8848, 11551
9105, 11804
9358, 12053
9606, 12293
9860, 12541
10133, 12804
10461, 13120
10803, 13449
11139, 13776
11463, 14090
11773, 14388
12078, 14684
12386, 15001
12729, 15330
13062, 15667
13388, 15994
13706, 16307
14028, 242
14319, 526
14625, 830
14942, 1137
15287, 1471
15613, 1788
15925, 2087
16241, 2396
192, 2719
480, 2999
779, 3292
1076, 3577
1394, 3880
1706, 4177
2032, 4479
2372, 4801
2721, 5128
3070, 5456
3403, 5768
3733, 6073
4045, 6378
4379, 6692
4722, 7018
5059, 7349
5379, 7656
5681, 7955
5976, 8237
6272, 8524
6573, 8822
6881, 9117
7181, 9408
7474, 9691
7751, 9959
8022, 10228
8337, 10534
8666, 10863
9019, 11201
9362, 11543
9697, 11863
10015, 12171
10364, 12505
10718, 12857
11086, 13214
11443, 13559
11778, 13878
12093, 14193
12410, 14512
12763, 14847
13119, 15201
13479, 15550
13821, 15893
14148, 16219
14479, 164
14789, 465
15102, 771
15418, 1087
15753, 1413
16077, 1723
9, 2036
237, 2252
528, 2530
828, 2818
1131, 3111
1465, 3429
1788, 3732
2116, 4037
2453, 4359
2799, 4688
3147, 5018
3478, 5326
3787, 5624
4077, 5910
4372, 6181
4666, 6469
4969, 6754
5269, 7037
5557, 7316
5832, 7589
6104, 7850
6379, 8113
6669, 8402
6973, 8703
7288, 8998
7587, 9289
7863, 9567
8123, 9818
8370, 10061
8639, 10320
8912, 10587
9193, 10852
9474, 11122
9734, 11375
9983, 11613
10220, 11841
10477, 12093
10755, 12357
11046, 12646
11356, 12944
11660, 13248
11947, 13527
12211, 13795
12478, 14058
12764, 14334
13069, 14632
13400, 14947
13726, 15278
14052, 15604
14371, 15919
14708, 16241
15053, 213
15369, 520
15692, 836
16000, 1144
16324, 1466
269, 1782
546, 2049
841, 2330
1137, 2612
1459, 2909
1761, 3204
2055, 3473
2331, 3739
2606, 3997
2890, 4266
3178, 4547
3463, 4813
3743, 5078
3994, 5330
4244, 5563
4490, 5800
4750, 6041
5018, 6301
5309, 6572
5597, 6842
5870, 7104
6135, 7358
6390, 7601
6635, 7839
6883, 8079
7143, 8332
7399, 8584
7658, 8838
7906, 9081
8130, 9308
8355, 9527
8583, 9751
8821, 9979
9079, 10221
9370, 10500
9678, 10791
9970, 11073
10261, 11357
10563, 11649
10863, 11948
11192, 12262
11537, 12597
11888, 12949
12227, 13290
12561, 13613
12903, 13943
13257, 14287
13629, 14656
14002, 15020
14373, 15379
14729, 15725
15087, 16076
15449, 58
15743, 350
16051, 650
16330, 940
213, 1205
440, 1423
661, 1638
883, 1847
1102, 2060
1346, 2287
1591, 2514
1819, 2729
2033, 2936
2236, 3127
2429, 3309
2621, 3489
2816, 3679
3022, 3872
3243, 4082
3480, 4307
3714, 4532
3930, 4747
4135, 4945
4331, 5133
4513, 5304
4686, 5469
4856, 5629
5030, 5794
5214, 5965
5403, 6144
5599, 6329
5796, 6514
5986, 6694
6170, 6863
6340, 7027
6500, 7183
6654, 7335
6820, 7492
6988, 7653
7170, 7839
7372, 8034
7589, 8245
7817, 8466
8031, 8688
8243, 8902
8451, 9106
8647, 9300
8851, 9496
9057, 9699
9289, 9917
9532, 10152
9814, 10417
10100, 10688
10396, 10974
10682, 11249
10975, 11526
11273, 11818
11601, 12133
11934, 12467
12260, 12798
12589, 13119
12894, 13420
13209, 13726
13533, 14039
13872, 14362
14210, 14685
14529, 14999
14821, 15280
15093, 15551
15370, 15823
15648, 16102
15936, 4
16132, 204
16369, 443
209, 668
389, 848
565, 1019
760, 1212
970, 1410
1189, 1621
1450, 1873
1728, 2128
2015, 2398
2294, 2660
2551, 2904
2797, 3139
3042, 3372
3302, 3614
3554, 3861
3816, 4111
4081, 4366
4331, 4619
4573, 4857
4811, 5089
5062, 5320
5311, 5555
5580, 5811
5863, 6074
6136, 6334
6415, 6597
6675, 6841
6927, 7084
7180, 7328
7437, 7580
7716, 7859
7995, 8137
8281, 8420
8561, 8690
8825, 8959
9089, 9219
9352, 9465
9628, 9725
9912, 10003
10230, 10303
10567, 10623
10882, 10930
11192, 11222
11498, 11527
11822, 11847
12139, 12160
12451, 12469
12740, 12761
13004, 13017
13246, 13258
13474, 13481
13707, 13710
13950, 13938
14193, 14179
14435, 14410
14666, 14634
14878, 14839
15076, 15031
15268, 15220
15454, 15406
15657, 15612
15890, 15835
16138, 16088
16, 16349
217, 173
397, 355
571, 524
737, 687
890, 839
1040, 993
1220, 1160
1416, 1348
1619, 1544
1830, 1744
2048, 1948
2265, 2153
2468, 2339
2658, 2519
2840, 2686
3013, 2854
3188, 3018
3366, 3189
3558, 3374
3766, 3579
3987, 3795
4215, 4011
4438, 4227
4653, 4439
4862, 4636
5051, 4821
5239, 5000
5430, 5182
5628, 5368
5841, 5570
6068, 5786
6308, 6008
6545, 6231
6766, 6448
6984, 6652
7193, 6849
7399, 7048
7606, 7256
7833, 7480
8061, 7711
8310, 7954
8545, 8193
8779, 8427
9011, 8649
9224, 8865
9445, 9072
9666, 9292
9904, 9518
10148, 9755
10424, 10011
10709, 10283
10977, 10537
11216, 10769
11439, 10981
11650, 11187
11866, 11401
12093, 11622
12323, 11858
12566, 12092
12805, 12329
13038, 12554
13257, 12766
13475, 12978
13699, 13198
13949, 13434
14233, 13705
14533, 13988
14835, 14279
15122, 14556
15397, 14815
15656, 15077
15923, 15335
16200, 15612
105, 15907
359, 16160
601, 20
786, 196
973, 388
1156, 571
1360, 769
1564, 969
1782, 1182
2031, 1422
2303, 1675
2578, 1931
2839, 2181
3098, 2427
3347, 2663
3606, 2900
3873, 3164
4160, 3440
4463, 3731
4769, 4018
5066, 4304
5366, 4586
5659, 4860
5967, 5152
6285, 5449
6617, 5752
6948, 6064
7270, 6372
7584, 6674
7897, 6977
8218, 7298
8554, 7633
8893, 7962
9219, 8285
9530, 8589
9831, 8883
10135, 9179
10471, 9502
10814, 9827
11140, 10146
11479, 10461
11808, 10783
12145, 11116
12500, 11474
12879, 11848
13253, 12204
13610, 12552
13945, 12879
14274, 13200
14608, 13520
14945, 13848
15277, 14161
15591, 14464
15884, 14758
16185, 15055
109, 15368
395, 15650
686, 15943
972, 16224
1251, 111
1496, 355
1745, 599
1997, 843
2262, 1101
2571, 1401
2891, 1700
3197, 1997
3499, 2278
3789, 2556
4080, 2840
4390, 3138
4708, 3450
5036, 3764
5356, 4065
5669, 4365
5976, 4665
6300, 4965
6625, 5278
6957, 5593
7279, 5896
7573, 6184
7855, 6454
8125, 6721
8397, 6995
8686, 7276
8973, 7569
9261, 7844
9525, 8108
9793, 8365
10048, 8612
10334, 8894
10636, 9188
10961, 9496
11275, 9802
11584, 10100
11898, 10404
12188, 10687
12489, 10979
12797, 11286
13115, 11594
13434, 11901
13727, 12183
14016, 12463
14300, 12742
14599, 13034
14919, 13342
15249, 13661
15566, 13973
15871, 14275
16159, 14559
61, 14844
295, 15077
565, 15343
840, 15629
1134, 15909
1437, 16209
1726, 104
1959, 341
2201, 571
2447, 807
2702, 1050
2990, 1322
3267, 1588
3530, 1843
3786, 2088
4023, 2323
4269, 2557
4524, 2803
4787, 3055
5053, 3309
5307, 3561
5542, 3781
5752, 3980
5940, 4158
6110, 4322
6268, 4476
6421, 4622
6573, 4767
6723, 4912
6881, 5064
7041, 5220
7201, 5375
7361, 5523
7508, 5672
7646, 5806
7771, 5928
7890, 6049
8004, 6160
8115, 6270
8231, 6385
8358, 6506
8499, 6645
8657, 6802
8840, 6980
9039, 7175
9246, 7381
9453, 7583
9648, 7778
9829, 7952
9996, 8113
10148, 8261
10299, 8410
10443, 8550
10593, 8695
10744, 8840
10900, 8993
11072, 9152
11245, 9324
11421, 9490
11588, 9650
11744, 9801
11886, 9940
12018, 10064
12144, 10191
12262, 10306
12377, 10417
12495, 10537
12628, 10661
12771, 10802
12941, 10965
13126, 11147
13330, 11346
13534, 11545
13731, 11744
13912, 11918
14074, 12075
14221, 12215
14358, 12351
14492, 12483
14630, 12619
14780, 12763
14948, 12933
15138, 13118
15339, 13318
15546, 13525
15751, 13726
15939, 13912
16114, 14087
16267, 14244
34, 14392
149, 14505
277, 14635
413, 14771
564, 14921
730, 15088
917, 15273
1117, 15470
1337, 15687
1547, 15896
1748, 16093
1932, 16273
2108, 53
2234, 180
2374, 316
2524, 455
2667, 600
2828, 755
2993, 917
3172, 1085
3360, 1270
3537, 1441
3706, 1601
3856, 1750
3987, 1879
4108, 1997
4217, 2101
4321, 2201
4425, 2296
4527, 2396
4633, 2501
4751, 2611
4878, 2733
5018, 2872
5173, 3019
5335, 3169
5504, 3331
5666, 3484
5824, 3636
5971, 3779
6120, 3919
6261, 4050
6407, 4185
6561, 4333
6732, 4496
6933, 4678
7148, 4888
7388, 5113
7630, 5345
7866, 5571
8088, 5789
8301, 5991
8504, 6185
8708, 6380
8919, 6578
9131, 6786
9357, 7002
9591, 7231
9827, 7447
10051, 7670
10280, 7893
10505, 8108
10733, 8326
10976, 8561
11235, 8808
11505, 9073
11782, 9348
12043, 9604
12291, 9848
12531, 10083
12784, 10333
13054, 10595
13348, 10880
13663, 11193
13992, 11515
14301, 11812
14596, 12107
14884, 12381
15172, 12673
15483, 12975
15796, 13290
16112, 13599
19, 13897
241, 14117
484, 14349
724, 14590
977, 14841
1242, 15103
1533, 15379
1813, 15659
2070, 15911
2308, 16144
2527, 16356
2738, 179
2919, 358
3106, 536
3303, 728
3502, 919
3707, 1120
3918, 1331
4119, 1532
4319, 1722
4516, 1910
4715, 2104
4922, 2302
5151, 2521
5405, 2762
5674, 3016
5943, 3272
6198, 3523
6438, 3754
6672, 3974
6896, 4193
7125, 4409
7365, 4645
7608, 4874
7848, 5114
8082, 5348
8308, 5567
8525, 5779
8739, 5989
8956, 6201
9189, 6424
9441, 6665
9704, 6921
9971, 7184
10235, 7440
10500, 7702
10752, 7948
10997, 8183
11250, 8429
11514, 8689
11795, 8964
12075, 9246
12353, 9512
12620, 9771
12877, 10017
13150, 10281
13442, 10556
13743, 10850
14059, 11147
14360, 11442
14652, 11721
14922, 11982
15184, 12235
15453, 12497
15739, 12770
16034, 13056
16317, 13346
204, 13610
416, 13813
609, 14001
793, 14179
975, 14348
1152, 14529
1359, 14728
1575, 14936
1802, 15153
2023, 15372
2240, 15585
2442, 15782
2633, 15973
2821, 16159
3014, 16347
3223, 172
3418, 360
3623, 566
3835, 784
4058, 1000
4287, 1237
4517, 1451
4728, 1653
4927, 1853
5124, 2041
5322, 2235
5533, 2437
5755, 2649
5982, 2865
6211, 3081
6426, 3286
6628, 3481
6819, 3665
7000, 3841
7181, 4008
7367, 4186
7571, 4375
7779, 4578
8008, 4796
8224, 5012
8450, 5223
8656, 5419
8855, 5607
9052, 5790
9243, 5972
9449, 6163
9665, 6366
9905, 6589
10153, 6825
10423, 7089
10686, 7338
10932, 7582
11175, 7819
11418, 8056
11674, 8309
11951, 8583
12234, 8870
12518, 9150
12796, 9427
13068, 9688
13329, 9948
13602, 10201
13902, 10495
14213, 10794
14530, 11099
14822, 11386
15087, 11649
15334, 11891
15580, 12124
15818, 12352
16068, 12596
16319, 12852
189, 13096
398, 13293
587, 13480
771, 13652
953, 13825
1135, 13995
1351, 14199
1589, 14422
1848, 14669
2121, 14933
2396, 15205
2659, 15453
2893, 15682
3117, 15904
3331, 16112
3540, 16315
3759, 144
3935, 326
4123, 516
4313, 705
4499, 883
4675, 1054
4862, 1234
5041, 1404
5209, 1573
5386, 1741
5576, 1918
5778, 2112
5999, 2327
6231, 2544
6466, 2770
6697, 2984
6905, 3191
7104, 3389
7303, 3583
7502, 3773
7716, 3973
7951, 4200
8196, 4447
8457, 4698
8718, 4951
8976, 5194
9227, 5433
9482, 5670
9738, 5915
10013, 6167
10322, 6457
10639, 6761
10946, 7053
11243, 7340
11529, 7622
11811, 7904
12096, 8185
12388, 8478
12681, 8764
12952, 9028
13195, 9271
13421, 9491
13628, 9692
13835, 9885
14035, 10085
14280, 10309
14515, 10540
14754, 10772
14983, 10995
15192, 11199
15383, 11389
15563, 11566
15746, 11744
15937, 11938
16149, 12141
16381, 12371
252, 12621
478, 12845
693, 13057
901, 13257
1097, 13446
1301, 13638
1501, 13835
1706, 14030
1919, 14236
2143, 14454
2379, 14674
2613, 14900
2831, 15114
3037, 15318
3236, 15514
3430, 15702
3625, 15899
3839, 16110
4060, 16346
4316, 210
4539, 430
4761, 646
4970, 857
5177, 1063
5394, 1273
5615, 1485
5844, 1708
6084, 1939
6348, 2188
6616, 2455
6900, 2717
7164, 2974
7420, 3230
7678, 3479
7941, 3736
8209, 3995
8500, 4276
8799, 4560
9081, 4834
9359, 5096
9633, 5349
9905, 5605
10186, 5862
10500, 6161
10824, 6459
11123, 6753
11402, 7011
11652, 7253
11875, 7478
12096, 7698
12314, 7916
12544, 8135
12770, 8362
12998, 8584
13214, 8800
13420, 8997
13607, 9185
13803, 9368
14000, 9560
14214, 9771
14452, 10000
14733, 10267
15026, 10541
15309, 10818
15584, 11088
15838, 11333
16091, 11582
16336, 11831
221, 12093
465, 12327
709, 12561
943, 12791
1173, 13011
1418, 13244
1664, 13481
1921, 13723
2200, 13978
2493, 14254
2801, 14547
3103, 14845
3397, 15120
3669, 15399
3959, 15690
4261, 15992
4585, 16308
4926, 253
5202, 526
5479, 802
5747, 1062
6052, 1361
6376, 1663
6707, 1983
7047, 2304
7371, 2618
7679, 2920
7976, 3210
8276, 3512
8586, 3808
8900, 4103
9213, 4400
9500, 4672
9766, 4927
10024, 5168
10300, 5424
10572, 5678
10849, 5943
11131, 6201
11395, 6456
11651, 6698
11882, 6929
12114, 7161
12359, 7403
12629, 7668
12921, 7954
13213, 8242
13507, 8531
13781, 8805
14051, 9059
14303, 9305
14570, 9559
14846, 9827
15125, 10099
15427, 10388
15723, 10675
15996, 10949
16267, 11218
171, 11498
429, 11755
700, 12028
983, 12292
1257, 12555
1537, 12822
1818, 13092
2099, 13361
2397, 13646
2725, 13949
3058, 14267
3383, 14578
3690, 14875
3981, 15170
4278, 15465
4585, 15772
4914, 16086
5227, 12
5469, 247
5733, 504
5977, 745
6227, 987
6484, 1234
6769, 1509
7064, 1793
7351, 2069
7623, 2331
7875, 2572
8106, 2806
8325, 3025
8552, 3242
8779, 3470
9018, 3703
9260, 3934
9503, 4164
9733, 4386
9954, 4594
10177, 4797
10416, 5026
10672, 5269
10953, 5529
11253, 5811
11558, 6091
11842, 6369
12116, 6629
12383, 6889
12650, 7144
12928, 7417
13218, 7695
13508, 7973
13794, 8247
14066, 8509
14338, 8769
14605, 9025
14898, 9299
15208, 9595
15523, 9896
15839, 10199
16157, 10511
75, 10809
309, 11040
576, 11306
865, 11586
1161, 11876
1486, 12185
1803, 12487
2115, 12789
2421, 13079
2746, 13384
3081, 13711
3423, 14038
3754, 14356
4061, 14668
4369, 14965
4680, 15275
5008, 15592
5333, 15924
5666, 16237
5971, 152
6207, 386
6433, 611
6657, 829
6883, 1047
7140, 1298
7397, 1553
7657, 1804
7909, 2045
8144, 2274
8373, 2499
8604, 2729
8853, 2971
9112, 3227
9390, 3495
9667, 3766
9940, 4016
10209, 4262
10468, 4517
10730, 4754
10984, 5000
11254, 5256
11526, 5509
11789, 5759
12035, 5996
12260, 6214
12462, 6412
12661, 6603
12858, 6795
13067, 6995
13284, 7206
13512, 7431
13746, 7660
13973, 7885
14180, 8088
14385, 8281
14572, 8471
14759, 8645
14949, 8835
15156, 9036
15375, 9252
15613, 9482
15864, 9721
16106, 9965
16339, 10190
201, 10428
403, 10629
624, 10837
852, 11055
1095, 11299
1381, 11568
1673, 11847
1952, 12113
2224, 12365
2483, 12606
2748, 12865
3017, 13122
3309, 13397
3599, 13674
3873, 13944
4129, 14192
4364, 14423
4591, 14640
4808, 14853
5024, 15067
5248, 15290
5476, 15509
5704, 15736
5917, 15952
6119, 16151
6308, 16334
6481, 122
6621, 265
6766, 409
6920, 560
7082, 718
7256, 895
7454, 1087
7678, 1308
7901, 1526
8106, 1733
8307, 1926
8489, 2105
8663, 2269
8823, 2427
8981, 2580
9142, 2733
9312, 2894
9485, 3060
9666, 3237
9848, 3411
10023, 3576
10212, 3756
10383, 3918
10545, 4071
10703, 4216
10861, 4361
11023, 4513
11198, 4681
11388, 4864
11604, 5068
11836, 5283
12061, 5501
12275, 5708
12487, 5910
12682, 6098
12883, 6290
13080, 6479
13305, 6689
13549, 6925
13805, 7175
14074, 7443
14349, 7704
14604, 7958
14866, 8211
15122, 8456
15386, 8722
15676, 9007
15971, 9297
16279, 9596
189, 9882
435, 10117
700, 10377
977, 10640
1266, 10918
1595, 11231
1918, 11546
2231, 11835
2510, 12105
2774, 12355
3033, 12609
3298, 12857
3571, 13120
3843, 13381
4095, 13635
4344, 13873
4577, 14097
4803, 14317
5033, 14537
5274, 14768
5535, 15026
5801, 15298
6086, 15573
6351, 15837
6597, 16083
6832, 16313
7061, 152
7253, 347
7445, 541
7650, 746
7852, 946
8053, 1149
8269, 1364
8476, 1569
8675, 1759
8863, 1943
9063, 2129
9256, 2324
9479, 2529
9711, 2754
9963, 2994
10211, 3238
10478, 3483
10728, 3724
10968, 3950
11210, 4177
11464, 4416
11733, 4678
12022, 4952
12307, 5233
12598, 5503
12883, 5772
13163, 6039
13449, 6314
13753, 6603
14077, 6910
14400, 7227
14714, 7529
15013, 7822
15305, 8108
15612, 8410
15932, 8718
16249, 9029
169, 9337
414, 9571
636, 9788
851, 9997
1058, 10187
1300, 10417
1551, 10651
1806, 10894
2055, 11135
2298, 11367
2525, 11581
2738, 11784
2946, 11990
3155, 12185
3381, 12395
3621, 12629
3875, 12880
4135, 13136
4391, 13386
4636, 13626
4867, 13847
5087, 14055
5312, 14274
5540, 14492
5788, 14732
6037, 14974
6286, 15226
6531, 15462
6765, 15697
6987, 15922
7212, 16148
7449, 16377
7703, 252
7931, 487
8170, 728
8409, 965
8649, 1202
8909, 1455
9168, 1699
9432, 1956
9705, 2216
10010, 2502
10344, 2819
10681, 3144
11007, 3456
11327, 3761
11651, 4063
11992, 4395
12331, 4728
12682, 5061
13025, 5388
13358, 5702
13691, 6015
14034, 6340
14385, 6669
14719, 7000
15036, 7309
15332, 7600
15615, 7882
15902, 8159
16193, 8451
101, 8746
341, 8980
577, 9207
797, 9427
1015, 9634
1261, 9865
1517, 10104
1819, 10391
2138, 10692
2464, 10995
2780, 11295
3067, 11576
3344, 11846
3624, 12115
3908, 12392
4201, 12678
4491, 12961
4767, 13235
5029, 13489
5299, 13740
5565, 13995
5848, 14270
6147, 14559
6456, 14860
6753, 15153
7042, 15433
7314, 15712
7593, 15988
7885, 16282
8187, 206
8453, 473
8707, 735
8967, 983
9212, 1222
9473, 1477
9740, 1731
10019, 1994
10325, 2292
10642, 2584
10944, 2877
11232, 3156
11513, 3422
11778, 3688
12054, 3946
12337, 4226
12621, 4499
12890, 4758
13135, 4996
13363, 5216
13576, 5413
13783, 5608
13985, 5798
14201, 6001
14425, 6211
14657, 6427
14880, 6642
15092, 6846
15295, 7042
15488, 7227
15680, 7415
15878, 7606
16099, 7828
16337, 8066
218, 8322
446, 8540
668, 8759
884, 8972
1092, 9169
1309, 9378
1530, 9580
1745, 9790
1979, 10010
2229, 10249
2490, 10493
2741, 10730
2976, 10954
3198, 11170
3413, 11377
3627, 11592
3855, 11817
4096, 12058
4355, 12311
4629, 12574
4891, 12826
5139, 13066
5364, 13293
5587, 13508
5822, 13726
6065, 13956
6324, 14210
6600, 14468
6878, 14730
7134, 14990
7390, 15241
7640, 15484
7894, 15739
8149, 16008
8434, 16289
8727, 196
8967, 433
9201, 671
9432, 886
9656, 1109
9899, 1345
10159, 1585
10452, 1869
10748, 2149
11040, 2432
11311, 2694
11564, 2935
11798, 3168
12030, 3395
12260, 3629
12506, 3867
12757, 4111
13005, 4356
13243, 4583
13473, 4803
13691, 5011
13916, 5224
14153, 5444
14412, 5688
14689, 5952
14970, 6215
15245, 6474
15503, 6719
15750, 6958
15986, 7190
16218, 7429
84, 7673
279, 7863
503, 8077
727, 8292
941, 8498
1144, 8696
1356, 8903
1561, 9100
1772, 9294
1986, 9506
2223, 9727
2468, 9960
2718, 10191
2981, 10445
3237, 10691
3476, 10920
3712, 11158
3947, 11390
4203, 11646
4474, 11912
4758, 12191
5042, 12467
5317, 12734
5576, 12990
5839, 13254
6115, 13506
6403, 13780
6704, 14067
7005, 14359
7307, 14647
7587, 14930
7871, 15205
8153, 15492
8453, 15793
8762, 16095
9070, 20
9292, 239
9521, 468
9740, 684
9949, 886
10159, 1092
10416, 1336
10679, 1593
10943, 1843
11202, 2096
11450, 2330
11679, 2557
11909, 2776
12132, 3001
12373, 3246
12648, 3513
12933, 3792
13227, 4071
13495, 4329
13747, 4574
13987, 4800
14217, 5019
14459, 5242
14701, 5465
14952, 5699
15202, 5933
15441, 6156
15675, 6370
15893, 6580
16117, 6794
16344, 7013
213, 7257
435, 7473
667, 7700
908, 7931
1144, 8151
1385, 8388
1624, 8609
1857, 8839
2101, 9074
2365, 9318
2647, 9579
2928, 9848
3208, 10125
3499, 10409
3786, 10678
4064, 10958
4361, 11251
4672, 11556
4988, 11871
5304, 12184
5611, 12480
5916, 12779
6220, 13069
6527, 13366
6842, 13674
7160, 13968
7457, 14254
7730, 14522
7983, 14767
8227, 15009
8482, 15258
8739, 15522
9014, 15790
9275, 16049
9534, 16299
9773, 148
9962, 339
10153, 524
10368, 737
10600, 959
10845, 1196
11118, 1465
11395, 1727
11654, 1981
11892, 2217
12117, 2436
12333, 2655
12556, 2872
12786, 3095
13019, 3330
13259, 3562
13491, 3791
13711, 4006
13922, 4208
14126, 4403
14331, 4595
14545, 4804
14783, 5026
15036, 5266
15297, 5515
15560, 5757
15807, 5988
16045, 6211
16273, 6432
128, 6658
340, 6860
569, 7078
814, 7312
1062, 7552
1333, 7815
1601, 8072
1863, 8324
2131, 8576
2400, 8835
2681, 9103
2964, 9381
3252, 9655
3523, 9926
3788, 10179
4057, 10445
4330, 10712
4614, 10995
4910, 11290
5207, 11580
5487, 11855
5746, 12106
5981, 12334
6198, 12553
6411, 12765
6634, 12974
6859, 13189
7093, 13410
7318, 13633
7541, 13840
7749, 14038
7945, 14226
8133, 14410
8331, 14602
8541, 14808
8784, 15040
9044, 15293
9316, 15561
9580, 15817
9832, 16063
10068, 16294
10302, 146
10508, 340
10710, 543
10927, 753
11144, 969
11369, 1191
11617, 1430
11847, 1656
12067, 1873
12270, 2081
12488, 2292
12725, 2522
12976, 2769
13245, 3030
13525, 3308
13799, 3574
14056, 3822
14314, 4068
14572, 4312
14842, 4569
15135, 4850
15441, 5132
15743, 5416
16039, 5698
16317, 5958
209, 6215
451, 6442
706, 6682
977, 6930
1249, 7189
1539, 7469
1819, 7737
2085, 7981
2345, 8225
2607, 8479
2865, 8737
3138, 9001
3404, 9254
3651, 9495
3876, 9720
4079, 9927
4279, 10118
4489, 10322
4698, 10528
4920, 10743
5143, 10963
5373, 11182
5591, 11400
5805, 11607
6006, 11803
6200, 11990
6392, 12174
6596, 12371
6831, 12589
7081, 12832
7357, 13098
7634, 13364
7900, 13616
8141, 13853
8381, 14077
8617, 14297
8861, 14532
9115, 14778
9387, 15034
9661, 15297
9928, 15552
10180, 15803
10456, 16069
10732, 16336
11026, 240
11290, 500
11564, 771
11830, 1038
12103, 1313
12361, 1573
12620, 1827
12884, 2090
13168, 2371
13476, 2668
13790, 2977
14095, 3271
14385, 3558
14669, 3834
14951, 4102
15252, 4394
15567, 4687
15883, 4991
16187, 5278
96, 5551
308, 5756
554, 5983
805, 6218
1069, 6461
1362, 6728
1641, 6992
1902, 7231
2137, 7463
2364, 7671
2576, 7881
2788, 8080
3007, 8289
3235, 8515
3459, 8741
3690, 8958
3900, 9173
4101, 9379
4299, 9579
4501, 9773
4710, 9977
4938, 10202
5210, 10466
5495, 10755
5783, 11034
6062, 11305
6325, 11570
6573, 11821
6831, 12074
7094, 12330
7367, 12606
7641, 12876
7905, 13134
8161, 13388
8403, 13623
8651, 13863
8912, 14111
9191, 14377
9497, 14669
9802, 14960
10100, 15247
10408, 15543
10700, 15828
10988, 16116
11288, 29
11542, 279
11816, 555
12080, 832
12332, 1093
12605, 1364
12885, 1641
13164, 1916
13459, 2206
13769, 2509
14074, 2811
14371, 3100
14658, 3374
14931, 3645
15221, 3917
15520, 4206
15824, 4498
16115, 4783
1, 5043
174, 5210
379, 5402
577, 5588
782, 5777
990, 5969
1213, 6171
1457, 6394
1699, 6622
1938, 6845
2171, 7069
2398, 7279
2623, 7492
2864, 7725
3122, 7972
3397, 8237
3669, 8511
3937, 8781
4198, 9036
4446, 9284
4687, 9516
4923, 9750
5177, 9993
5439, 10243
5734, 10525
6021, 10807
6299, 11066
6560, 11324
6820, 11582
7089, 11848
7374, 12121
7676, 12414
7978, 12712
8270, 12996
8552, 13281
8833, 13544
9122, 13818
9435, 14114
9762, 14420
10085, 14732
10435, 15068
10774, 15400
11113, 15730
11467, 16086
11844, 75
12128, 374
12443, 689
12752, 1002
13081, 1324
13411, 1657
13766, 1992
14117, 2341
14454, 2667
14773, 2973
15074, 3265
15376, 3553
15686, 3849
15990, 4151
16299, 4450
212, 4741
457, 4972
699, 5201
951, 5433
1221, 5681
1531, 5966
1852, 6260
2162, 6554
2461, 6827
2731, 7091
3001, 7346
3269, 7607
3538, 7868
3804, 8138
4066, 8400
4327, 8657
4580, 8910
4819, 9151
5070, 9401
5345, 9664
5625, 9936
5924, 10220
6241, 10526
6552, 10823
6848, 11112
7150, 11407
7469, 11720
7800, 12049
8139, 12377
8483, 12714
8819, 13035
9155, 13366
9505, 13690
9877, 14032
10254, 14390
10654, 14761
11040, 15136
11428, 15515
11808, 15898
12187, 16289
12560, 271
12847, 572
13124, 850
13393, 1119
13691, 1411
13999, 1706
14320, 2014
14611, 2296
14894, 2569
15174, 2834
15445, 3094
15730, 3371
16029, 3665
16327, 3958
247, 4247
489, 4478
717, 4692
938, 4901
1160, 5102
1399, 5325
1651, 5558
1912, 5792
2166, 6026
2417, 6254
2654, 6466
2882, 6681
3112, 6891
3349, 7116
3601, 7354
3861, 7621
4128, 7890
4396, 8148
4658, 8408
4907, 8658
5157, 8910
5417, 9164
5698, 9430
5988, 9715
6289, 10010
6614, 10324
6934, 10633
7250, 10942
7576, 11263
7916, 11600
8262, 11951
8615, 12295
8950, 12624
9281, 12947
9624, 13277
9973, 13610
10334, 13951
10700, 14298
11038, 14622
11350, 14922
11651, 15225
11958, 15525
12251, 15835
12554, 16137
12841, 46
13057, 258
13286, 491
13515, 724
13760, 969
14023, 1227
14320, 1518
14622, 1812
14917, 2096
15192, 2360
15457, 2614
15722, 2872
15987, 3137
16265, 3407
170, 3687
407, 3920
642, 4145
871, 4364
1104, 4590
1365, 4833
1644, 5094
1940, 5371
2253, 5661
2562, 5941
2861, 6218
3151, 6487
3444, 6767
3750, 7054
4055, 7361
4382, 7686
4705, 8006
5023, 8314
5335, 8623
5661, 8942
6005, 9270
6359, 9614
6707, 9951
7047, 10274
7403, 10615
7754, 10954
8108, 11308
8463, 11661
8815, 12007
9141, 12317
9445, 12616
9741, 12906
10038, 13191
10367, 13504
10688, 13807
10995, 14099
11280, 14371
11560, 14634
11842, 14908
12141, 15205
12465, 15534
12793, 15860
13116, 16182
13421, 102
13668, 348
13913, 595
14165, 845
14428, 1105
14719, 1389
15001, 1665
15277, 1925
15534, 2179
15803, 2435
16072, 2695
16359, 2978
281, 3281
540, 3536
793, 3778
1038, 4009
1301, 4259
1564, 4515
1847, 4783
2146, 5060
2455, 5348
2763, 5634
3059, 5913
3343, 6174
3620, 6433
3897, 6705
4184, 6986
4495, 7278
4790, 7575
5083, 7863
5366, 8133
5636, 8400
5914, 8672
6197, 8956
6486, 9236
6769, 9511
7034, 9767
7280, 10004
7523, 10242
7754, 10465
7982, 10689
8211, 10923
8452, 11159
8698, 11401
8935, 11640
9164, 11867
9381, 12074
9590, 12271
9795, 12475
10013, 12691
10274, 12949
10573, 13221
10866, 13512
11161, 13800
11436, 14061
11692, 14309
11936, 14547
12178, 14793
12438, 15044
12699, 15307
12966, 15570
13220, 15821
13462, 16058
13684, 16282
13908, 121
14108, 312
14315, 526
14545, 750
14789, 990
15034, 1227
15294, 1482
15540, 1716
15764, 1929
15978, 2138
16193, 2344
32, 2560
214, 2739
426, 2944
646, 3152
857, 3369
1073, 3569
1291, 3785
1507, 3984
1719, 4186
1940, 4395
2172, 4618
2422, 4847
2677, 5087
2932, 5328
3180, 5556
3407, 5771
3625, 5977
3842, 6179
4056, 6382
4280, 6601
4522, 6833
4765, 7065
5001, 7294
5222, 7508
5430, 7707
5616, 7890
5789, 8056
5956, 8216
6118, 8375
6283, 8535
6460, 8706
6641, 8882
6827, 9066
7013, 9253
7201, 9427
7374, 9593
7533, 9750
7685, 9900
7839, 10046
8003, 10205
8175, 10374
8368, 10566
8584, 10775
8813, 11000
9052, 11231
9287, 11458
9501, 11672
9702, 11865
9886, 12047
10062, 12214
10251, 12399
10444, 12591
10652, 12796
10870, 13005
11089, 13215
11297, 13420
11487, 13601
11658, 13770
11810, 13915
11944, 14044
12067, 14165
12185, 14287
12312, 14410
12451, 14546
12606, 14700
12778, 14870
12968, 15051
13163, 15240
13354, 15427
13527, 15604
13684, 15759
13825, 15901
13958, 16030
14079, 16149
14195, 16263
14316, 16383
14447, 128
14574, 253
14716, 388
14870, 545
15037, 712
15213, 887
15393, 1061
15579, 1246
15756, 1415
15921, 1572
16077, 1719
16222, 1865
16371, 2012
143, 2163
289, 2305
445, 2452
615, 2612
795, 2784
986, 2969
1171, 3140
1364, 3329
1554, 3512
1730, 3682
1905, 3848
2071, 4004
2250, 4172
2438, 4347
2637, 4532
2842, 4729
3046, 4921
3237, 5110
3421, 5284
3588, 5438
3733, 5576
3861, 5701
3977, 5813
4083, 5915
4184, 6015
4290, 6113
4397, 6215
4513, 6323
4636, 6443
4775, 6571
4915, 6705
5064, 6848
5207, 6984
5349, 7120
5483, 7253
5608, 7374
5725, 7485
5836, 7590
5940, 7696
6043, 7796
6151, 7902
6270, 8014
6406, 8145
6563, 8298
6741, 8471
6946, 8667
7163, 8882
7384, 9104
7597, 9305
7802, 9503
7990, 9685
8162, 9858
8337, 10030
8529, 10220
8733, 10411
8954, 10618
9179, 10840
9408, 11061
9634, 11277
9854, 11490
10064, 11690
10286, 11906
10523, 12134
10776, 12383
11056, 12657
11356, 12950
11662, 13245
11949, 13532
12220, 13802
12500, 14077
12805, 14373
13135, 14690
13486, 15034
13847, 15388
14199, 15745
14552, 16098
14926, 78
15237, 386
15581, 727
15928, 1072
16295, 1434
283, 1794
602, 2106
938, 2419
1282, 2739
1642, 3082
1989, 3413
2325, 3728
2656, 4042
3003, 4365
3345, 4701
3684, 5019
3994, 5331
4316, 5631
4632, 5930
4966, 6251
5310, 6570
5661, 6900
6001, 7224
6326, 7538
6648, 7852
6972, 8175
7306, 8499
7640, 8822
7957, 9138
8266, 9434
8576, 9737
8897, 10043
9265, 10403
9647, 10761
10021, 11123
10417, 11510
10815, 11900
11227, 12296
11665, 12719
12097, 13154
12517, 13577
12945, 13993
13409, 14436
13878, 14899
14354, 15356
14819, 15812
15291, 16281
15782, 383
16183, 787
184, 1173
525, 1503
865, 1830
1213, 2159
1602, 2520
1978, 2880
2347, 3231
2705, 3572
3087, 3929
3479, 4300
3865, 4677
4242, 5049
4610, 5397
4985, 5743
5362, 6101
5753, 6462
6135, 6831
6508, 7183
6883, 7553
7274, 7929
7676, 8325
8070, 8728
8468, 9130
8863, 9513
9280, 9911
9716, 10317
10190, 10774
10701, 11269
11211, 11761
11740, 12267
12266, 12796
12781, 13302
13283, 13795
13813, 14305
14329, 14812
14832, 15294
15308, 15767
15798, 16249
16274, 345
279, 742
602, 1055
958, 1402
1329, 1752
1746, 2149
2173, 2539
2580, 2930
2974, 3309
3371, 3690
3778, 4073
4165, 4460
4548, 4825
4928, 5193
5310, 5552
5709, 5927
6110, 6311
6502, 6677
6887, 7037
7258, 7404
7638, 7782
8032, 8170
8420, 8558
8800, 8931
9170, 9282
9533, 9640
9919, 10002
10337, 10400
10765, 10817
11185, 11217
11597, 11622
12024, 12039
12433, 12459
12825, 12841
13191, 13205
13552, 13557
13910, 13907
14290, 14262
14647, 14615
14990, 14944
15323, 15270
15661, 15605
16012, 15962
16378, 16334
366, 321
609, 562
846, 798
1077, 1027
1371, 1298
1658, 1571
1948, 1849
2237, 2122
2518, 2382
2778, 2630
3031, 2868
3282, 3110
3541, 3356
3813, 3621
4090, 3888
4363, 4157
4637, 4419
4897, 4666
5141, 4901
5385, 5138
5634, 5377
5900, 5626
6178, 5885
6456, 6143
6724, 6401
6983, 6647
7224, 6884
7476, 7126
7726, 7372
7987, 7636
8252, 7900
8518, 8169
8783, 8427
9030, 8675
9276, 8909
9514, 9145
9768, 9389
10024, 9633
10314, 9912
10599, 10186
10891, 10458
11153, 10703
11394, 10936
11620, 11157
11844, 11379
12080, 11609
12312, 11848
12558, 12091
12797, 12320
13024, 12543
13239, 12752
13449, 12956
13665, 13162
13899, 13384
14153, 13632
14435, 13898
14713, 14163
14988, 14427
15239, 14669
15471, 14891
15693, 15106
15911, 15326
16139, 15556
16378, 15797
239, 16047
446, 16249
645, 63
781, 202
925, 344
1061, 481
1209, 625
1355, 759
1492, 905
1648, 1047
1822, 1217
2006, 1393
2201, 1584
2409, 1779
2614, 1965
2799, 2144
2978, 2313
3149, 2472
3308, 2623
3466, 2774
3629, 2929
3805, 3097
3990, 3278
4196, 3479
4418, 3691
4643, 3905
4864, 4109
5073, 4307
5274, 4501
5476, 4688
5673, 4874
5877, 5072
6107, 5275
6343, 5505
6589, 5727
6838, 5960
7074, 6184
7308, 6402
7524, 6614
7741, 6825
7967, 7044
8202, 7279
8448, 7531
8705, 7779
8953, 8017
9182, 8244
9391, 8457
9594, 8650
9786, 8844
9983, 9033
10180, 9221
10405, 9440
10636, 9660
10867, 9880
11087, 10089
11309, 10301
11524, 10506
11728, 10707
11942, 10911
12170, 11144
12431, 11398
12722, 11686
13018, 11976
13299, 12248
13567, 12509
13810, 12748
14053, 12981
14295, 13217
14541, 13458
14801, 13708
15061, 13957
15314, 14196
15545, 14424
15773, 14645
15994, 14864
16219, 15091
87, 15347
305, 15561
548, 15803
795, 16049
1034, 16287
1287, 152
1489, 351
1697, 550
1907, 752
2135, 976
2371, 1207
2652, 1472
2935, 1746
3217, 2008
3484, 2262
3751, 2517
4009, 2772
4291, 3041
4581, 3327
4887, 3621
5190, 3909
5483, 4187
5765, 4461
6058, 4738
6356, 5024
6674, 5322
6979, 5614
7276, 5894
7552, 6160
7812, 6412
8054, 6653
8301, 6898
8563, 7154
8827, 7415
9089, 7683
9352, 7939
9601, 8175
9833, 8407
10070, 8635
10334, 8896
10622, 9173
10927, 9461
11232, 9754
11514, 10034
11814, 10319
12092, 10594
12362, 10860
12651, 11138
12945, 11428
13248, 11722
13535, 12003
13812, 12269
14080, 12525
14354, 12795
14640, 13069
14953, 13373
15272, 13686
15594, 13996
15894, 14294
16178, 14577
87, 14870
323, 15107
595, 15382
891, 15670
1185, 15967
1501, 16274
1807, 190
2063, 439
2324, 694
2595, 955
2882, 1229
3194, 1526
3498, 1809
3786, 2084
4058, 2348
4339, 2626
4629, 2907
4939, 3196
5234, 3486
5518, 3759
5778, 4002
6020, 4235
6246, 4457
6467, 4667
6685, 4877
6913, 5092
7140, 5311
7356, 5523
7564, 5726
7763, 5921
7947, 6097
8126, 6276
8311, 6458
8507, 6654
8721, 6861
8954, 7096
9204, 7340
9459, 7584
9701, 7824
9926, 8047
10149, 8260
10374, 8481
10603, 8699
10833, 8927
11087, 9169
11341, 9412
11595, 9658
11838, 9891
12073, 10111
12311, 10354
12557, 10595
12826, 10857
13117, 11138
13421, 11441
13733, 11744
14034, 12031
14318, 12306
14599, 12581
14895, 12874
15214, 13193
15545, 13521
15871, 13845
16186, 14157
95, 14454
330, 14684
602, 14947
876, 15229
1168, 15518
1480, 15833
1782, 16125
2068, 17
2276, 217
2502, 440
2737, 668
2982, 903
3223, 1134
3482, 1385
3720, 1616
3934, 1824
4131, 2018
4319, 2196
4498, 2371
4677, 2540
4858, 2716
5055, 2902
5256, 3094
5453, 3287
5657, 3475
5844, 3653
6018, 3819
6188, 3979
6353, 4137
6522, 4296
6702, 4466
6904, 4657
7121, 4869
7366, 5096
7614, 5330
7854, 5558
8084, 5775
8288, 5985
8494, 6178
8697, 6366
8901, 6564
9116, 6766
9342, 6980
9563, 7196
9787, 7415
10006, 7627
10229, 7842
10450, 8047
10656, 8254
10879, 8469
11114, 8694
11362, 8945
11629, 9197
11888, 9449
12130, 9692
12365, 9921
12589, 10141
12832, 10377
13094, 10636
13388, 10922
13688, 11223
14006, 11525
14309, 11829
14592, 12103
14875, 12379
15158, 12657
15457, 12954
15768, 13258
16075, 13567
16370, 13861
268, 14146
511, 14379
755, 14623
1019, 14877
1309, 15167
1610, 15456
1881, 15731
2141, 15987
2379, 16216
2602, 46
2763, 205
2947, 383
3134, 563
3337, 757
3535, 955
3735, 1150
3943, 1356
4148, 1553
4344, 1745
4537, 1930
4729, 2115
4935, 2317
5163, 2535
5411, 2771
5677, 3017
5942, 3275
6203, 3525
6450, 3763
6680, 3985
6911, 4207
7142, 4428
7379, 4661
7626, 4905
7870, 5138
8111, 5375
8331, 5597
8553, 5806
8768, 6013
8987, 6224
9215, 6445
9462, 6689
9723, 6945
9995, 7201
10250, 7461
10514, 7716
10763, 7957
11002, 8188
11250, 8427
11504, 8685
11783, 8950
12064, 9226
12330, 9491
12594, 9746
12845, 9986
13098, 10226
13382, 10500
13686, 10788
13999, 11093
14328, 11408
14636, 11705
14928, 11987
15212, 12257
15504, 12542
15811, 12841
16116, 13142
34, 13439
244, 13650
468, 13865
677, 14064
869, 14254
1063, 14439
1279, 14644
1500, 14860
1736, 15088
1969, 15321
2196, 15545
2418, 15760
2627, 15968
2829, 16171
3050, 16379
3274, 218
3485, 428
3706, 649
3933, 883
4166, 1107
4401, 1347
4635, 1570
4847, 1776
5054, 1977
5269, 2177
5483, 2384
5711, 2605
5948, 2828
6183, 3053
6409, 3267
6615, 3466
6817, 3659
7005, 3846
7194, 4017
7390, 4205
7599, 4401
7822, 4613
8041, 4835
8275, 5057
8501, 5271
8712, 5465
8919, 5661
9108, 5850
9316, 6037
9527, 6239
9754, 6453
9997, 6687
10258, 6931
10532, 7194
10791, 7446
11038, 7688
11284, 7929
11529, 8169
11793, 8428
12065, 8692
12343, 8975
12623, 9253
12892, 9515
13145, 9763
13401, 10007
13680, 10281
13985, 10567
14286, 10864
14589, 11156
14866, 11433
15117, 11680
15356, 11905
15580, 12126
15803, 12341
16034, 12561
16268, 12795
115, 13020
306, 13210
482, 13383
653, 13544
811, 13692
965, 13838
1124, 13988
1305, 14158
1511, 14354
1735, 14568
1987, 14800
2236, 15042
2483, 15280
2713, 15501
2917, 15705
3107, 15890
3286, 16067
3461, 16239
3641, 33
3784, 170
3944, 331
4108, 498
4